pctadvnc
27.22
37.85
29.2
42.77
34.81
14.14
31.81
48.51
41.22
61.06
38.43
31.27
33.96
34.63
38.45
36.96
53.4
49.01
37.83
45.02
52.17
45.06
42.98
33.13
13.35
14.83
51.66
41.31
43.96
21.4
21.41
46.39
26.43
35.17
35.65
48.95
43.16
32.88
49.24
19.04
26.72
39.57
35.26
34.57
33.33
46.23
35.21
44.97
40.79
62.48
58.35
56.22
51.97
45.48
40.43
37.74
53.76
45.22
41.82
28.39
56.7
43.17
41.18
41.26
28.8
40.71
63.47
27.05
26.67
32.25
31.55
8.22
20.06
39.69
32.32
49.22
35.52
39.26
57.54
47.4
46.34
20.93
39.41
16.91
50.68
52.74
40.68
37.94
42.34
36.29
48.25
40.3
37.83
38.84
34.51
58.24
42.78
34.7
22.68
39.36
39.07
55.06
35.85
39.38
44.23
50.94
54.19
44.43
47.8
44.01
47.57
32.46
37.05
41.94
38.52
34.84
23.63
41.31
27.11
13.94
28.25
64.21
53.38
44.48
42.57
35.21
41.78
31.85
64.71
37.14
34.85
25.33
32.91
25.29
43.16
21.47
26.73
36.94
45.56
23.67
30.66
56.92
29.65
21.98
48.01
41.81
20.31
23.12
38.19
