sales,time,month,logsales,obs96,c1,s1,c2,s2,c3,s3,c4,s4,c5,s5,c6,wtgrant
296,1,1,5.69035945,0,0.866025,0.5,0.5,0.866025,6.12e-17,1,-0.5,0.866025,-0.86603,0.5,-1,0
303,2,2,5.71373281,0,0.5,0.866025,-0.5,0.866025,-1,1.22e-16,-0.5,-0.86603,0.5,-0.86603,1,0
365,3,3,5.89989735,0,6.12e-17,1,-1,1.22e-16,-1.8e-16,-1,1,-2.4e-16,3.06e-16,1,-1,0
363,4,4,5.89440283,0,-0.5,0.866025,-0.5,-0.86603,1,-2.4e-16,-0.5,0.866025,-0.5,-0.86603,1,0
417,5,5,6.03308622,0,-0.86603,0.5,0.5,-0.86603,3.06e-16,1,-0.5,-0.86603,0.866025,0.5,-1,0
421,6,6,6.04263283,0,-1,1.22e-16,1,-2.4e-16,-1,3.67e-16,1,-4.9e-16,-1,6.12e-16,1,0
404,7,7,6.00141488,0,-0.86603,-0.5,0.5,0.866025,-4.3e-16,-1,-0.5,0.866025,0.866025,-0.5,-1,0
436,8,8,6.07764224,0,-0.5,-0.86603,-0.5,0.866025,1,-4.9e-16,-0.5,-0.86603,-0.5,0.866025,1,0
421,9,9,6.04263283,0,-1.8e-16,-1,-1,3.67e-16,5.51e-16,1,1,-7.3e-16,8.58e-16,-1,-1,0
429,10,10,6.06145692,0,0.5,-0.86603,-0.5,-0.86603,-1,6.12e-16,-0.5,0.866025,0.5,0.866025,1,0
499,11,11,6.2126061,0,0.866025,-0.5,0.5,-0.86603,-2.4e-15,-1,-0.5,-0.86603,-0.86603,-0.5,-1,0
915,12,12,6.81892407,0,1,-2.4e-16,1,-4.9e-16,1,-7.3e-16,1,-9.8e-16,1,-1.2e-15,1,0
331,13,1,5.80211838,0,0.866025,0.5,0.5,0.866025,-9.8e-16,1,-0.5,0.866025,-0.86603,0.5,-1,0
361,14,2,5.88887796,0,0.5,0.866025,-0.5,0.866025,-1,8.57e-16,-0.5,-0.86603,0.5,-0.86603,1,0
402,15,3,5.99645209,0,1.19e-15,1,-1,2.39e-15,-2.7e-15,-1,1,-4.8e-15,-2.5e-16,1,-1,0
426,16,4,6.05443935,0,-0.5,0.866025,-0.5,-0.86603,1,-9.8e-16,-0.5,0.866025,-0.5,-0.86603,1,0
460,17,5,6.13122649,0,-0.86603,0.5,0.5,-0.86603,-7.4e-16,1,-0.5,-0.86603,0.866025,0.5,-1,0
457,18,6,6.12468339,0,-1,3.67e-16,1,-7.3e-16,-1,1.1e-15,1,-1.5e-15,-1,-1.7e-15,1,0
451,19,7,6.11146734,0,-0.86603,-0.5,0.5,0.866025,-2.9e-15,-1,-0.5,0.866025,0.866025,-0.5,-1,0
476,20,8,6.16541785,0,-0.5,-0.86603,-0.5,0.866025,1,-1.2e-15,-0.5,-0.86603,-0.5,0.866025,1,0
436,21,9,6.07764224,0,-4.3e-16,-1,-1,8.57e-16,-4.9e-16,1,1,-1.7e-15,3.19e-15,-1,-1,0
464,22,10,6.13988455,0,0.5,-0.86603,-0.5,-0.86603,-1,4.9e-15,-0.5,0.866025,0.5,0.866025,1,0
525,23,11,6.26339826,0,0.866025,-0.5,0.5,-0.86603,-3.2e-15,-1,-0.5,-0.86603,-0.86603,-0.5,-1,0
939,24,12,6.84481548,0,1,-4.9e-16,1,-9.8e-16,1,-1.5e-15,1,-2e-15,1,-2.4e-15,1,0
345,25,1,5.84354442,0,0.866025,0.5,0.5,0.866025,-2.5e-16,1,-0.5,0.866025,-0.86603,0.5,-1,0
364,26,2,5.89715387,0,0.5,0.866025,-0.5,0.866025,-1,-2e-15,-0.5,-0.86603,0.5,-0.86603,1,0
427,27,3,6.05678401,0,5.51e-16,1,-1,1.1e-15,-3.4e-15,-1,1,-2.2e-15,9.79e-16,1,-1,0
445,28,4,6.09807428,0,-0.5,0.866025,-0.5,-0.86603,1,-1.7e-15,-0.5,0.866025,-0.5,-0.86603,1,0
478,29,5,6.16961073,0,-0.86603,0.5,0.5,-0.86603,-6.8e-19,1,-0.5,-0.86603,0.866025,0.5,-1,0
492,30,6,6.19847872,0,-1,2.39e-15,1,-4.8e-15,-1,5.39e-15,1,-9.6e-15,-1,-4.9e-16,1,0
469,31,7,6.15060277,0,-0.86603,-0.5,0.5,0.866025,-3.7e-15,-1,-0.5,0.866025,0.866025,-0.5,-1,0
501,32,8,6.2166061,0,-0.5,-0.86603,-0.5,0.866025,1,-2e-15,-0.5,-0.86603,-0.5,0.866025,1,0
459,33,9,6.12905021,0,1.1e-15,-1,-1,-2.2e-15,2.44e-16,1,1,4.41e-15,1.96e-15,-1,-1,0
494,34,10,6.20253552,0,0.5,-0.86603,-0.5,-0.86603,-1,-1.5e-15,-0.5,0.866025,0.5,0.866025,1,0
548,35,11,6.30627529,0,0.866025,-0.5,0.5,-0.86603,-3.9e-15,-1,-0.5,-0.86603,-0.86603,-0.5,-1,0
1022,36,12,6.92951677,0,1,-7.3e-16,1,-1.5e-15,1,-2.2e-15,1,-2.9e-15,1,3.43e-15,1,0
370,37,1,5.91350301,0,0.866025,0.5,0.5,0.866025,4.89e-16,1,-0.5,0.866025,-0.86603,0.5,-1,0
378,38,2,5.9348942,0,0.5,0.866025,-0.5,0.866025,-1,5.88e-15,-0.5,-0.86603,0.5,-0.86603,1,0
453,39,3,6.11589213,0,2.57e-15,1,-1,5.14e-15,-4.2e-15,-1,1,-1e-14,9.31e-15,1,-1,0
470,40,4,6.15273269,0,-0.5,0.866025,-0.5,-0.86603,1,-2.4e-15,-0.5,0.866025,-0.5,-0.86603,1,0
534,41,5,6.28039584,0,-0.86603,0.5,0.5,-0.86603,7.84e-15,1,-0.5,-0.86603,0.866025,0.5,-1,0
510,42,6,6.23441073,0,-1,8.57e-16,1,-1.7e-15,-1,-9.8e-16,1,-3.4e-15,-1,-6.4e-15,1,0
485,43,7,6.18414889,0,-0.86603,-0.5,0.5,0.866025,-4.4e-15,-1,-0.5,0.866025,0.866025,-0.5,-1,0
527,44,8,6.26720055,0,-0.5,-0.86603,-0.5,0.866025,1,-9.8e-15,-0.5,-0.86603,-0.5,0.866025,1,0
536,45,9,6.28413416,0,8.58e-16,-1,-1,-1.7e-15,9.79e-16,1,1,3.43e-15,7.84e-15,-1,-1,0
553,46,10,6.315358,0,0.5,-0.86603,-0.5,-0.86603,-1,6.37e-15,-0.5,0.866025,0.5,0.866025,1,0
621,47,11,6.43133108,0,0.866025,-0.5,0.5,-0.86603,2.45e-15,-1,-0.5,-0.86603,-0.86603,-0.5,-1,0
1122,48,12,7.02286809,0,1,-9.8e-16,1,-2e-15,1,-2.9e-15,1,-3.9e-15,1,-4.9e-15,1,0
394,49,1,5.97635091,0,0.866025,0.5,0.5,0.866025,8.33e-15,1,-0.5,0.866025,-0.86603,0.5,-1,0
411,50,2,6.01859321,0,0.5,0.866025,-0.5,0.866025,-1,-4.9e-16,-0.5,-0.86603,0.5,-0.86603,1,0
482,51,3,6.17794411,0,2.82e-15,1,-1,5.63e-15,-4.9e-15,-1,1,-1.1e-14,3.43e-15,1,-1,0
484,52,4,6.18208491,0,-0.5,0.866025,-0.5,-0.86603,1,3.92e-15,-0.5,0.866025,-0.5,-0.86603,1,0
550,53,5,6.30991828,0,-0.86603,0.5,0.5,-0.86603,1.47e-15,1,-0.5,-0.86603,0.866025,0.5,-1,0
525,54,6,6.26339826,0,-1,1.1e-15,1,-2.2e-15,-1,6.86e-15,1,-4.4e-15,-1,1.96e-15,1,0
494,55,7,6.20253552,0,-0.86603,-0.5,0.5,0.866025,1.96e-15,-1,-0.5,0.866025,0.866025,-0.5,-1,0
537,56,8,6.28599809,0,-0.5,-0.86603,-0.5,0.866025,1,-3.4e-15,-0.5,-0.86603,-0.5,0.866025,1,0
513,57,9,6.24027585,0,-2.9e-15,-1,-1,5.88e-15,8.82e-15,1,1,-1.2e-14,-4.9e-16,-1,-1,0
521,58,10,6.25575004,0,0.5,-0.86603,-0.5,-0.86603,-1,-1.4e-18,-0.5,0.866025,0.5,0.866025,1,0
596,59,11,6.39024067,0,0.866025,-0.5,0.5,-0.86603,-5.4e-15,-1,-0.5,-0.86603,-0.86603,-0.5,-1,0
1069,60,12,6.97447891,0,1,-4.8e-15,1,-9.6e-15,1,-1.1e-14,1,-1.9e-14,1,9.82e-16,1,0
393,61,1,5.97380961,0,0.866025,0.5,0.5,0.866025,1.96e-15,1,-0.5,0.866025,-0.86603,0.5,-1,0
425,62,2,6.05208917,0,0.5,0.866025,-0.5,0.866025,-1,7.35e-15,-0.5,-0.86603,0.5,-0.86603,1,0
503,63,3,6.22059017,0,-4.9e-16,1,-1,-9.8e-16,1.47e-15,-1,1,1.96e-15,-2.5e-15,1,-1,0
529,64,4,6.27098843,0,-0.5,0.866025,-0.5,-0.86603,1,-3.9e-15,-0.5,0.866025,-0.5,-0.86603,1,0
581,65,5,6.36475076,0,-0.86603,0.5,0.5,-0.86603,9.31e-15,1,-0.5,-0.86603,0.866025,0.5,-1,0
558,66,6,6.32435896,0,-1,-2.2e-15,1,4.41e-15,-1,4.88e-16,1,8.82e-15,-1,-3.9e-15,1,0
547,67,7,6.3044488,0,-0.86603,-0.5,0.5,0.866025,-5.9e-15,-1,-0.5,0.866025,0.866025,-0.5,-1,0
588,68,8,6.37672695,0,-0.5,-0.86603,-0.5,0.866025,1,2.94e-15,-0.5,-0.86603,-0.5,0.866025,1,0
549,69,9,6.30809844,0,-3.2e-15,-1,-1,6.37e-15,2.45e-15,1,1,-1.3e-14,5.39e-15,-1,-1,0
593,70,10,6.3851944,0,0.5,-0.86603,-0.5,-0.86603,-1,7.84e-15,-0.5,0.866025,0.5,0.866025,1,0
649,71,11,6.47543272,0,0.866025,-0.5,0.5,-0.86603,9.82e-16,-1,-0.5,-0.86603,-0.86603,-0.5,-1,0
1191,72,12,7.08254857,0,1,-1.5e-15,1,-2.9e-15,1,-4.4e-15,1,-5.9e-15,1,6.86e-15,1,0
463,73,1,6.13772705,0,0.866025,0.5,0.5,0.866025,9.8e-15,1,-0.5,0.866025,-0.86603,0.5,-1,0
459,74,2,6.12905021,0,0.5,0.866025,-0.5,0.866025,-1,9.78e-16,-0.5,-0.86603,0.5,-0.86603,1,0
554,75,3,6.31716469,0,-2.5e-16,1,-1,-4.9e-16,-6.4e-15,-1,1,9.82e-16,-8.3e-15,1,-1,0
576,76,4,6.35610766,0,-0.5,0.866025,-0.5,-0.86603,1,-1.2e-14,-0.5,0.866025,-0.5,-0.86603,1,0
615,77,5,6.42162227,0,-0.86603,0.5,0.5,-0.86603,2.94e-15,1,-0.5,-0.86603,0.866025,0.5,-1,0
619,78,6,6.42810527,0,-1,5.14e-15,1,-1e-14,-1,8.33e-15,1,-2.1e-14,-1,1.86e-14,1,0
589,79,7,6.37842618,0,-0.86603,-0.5,0.5,0.866025,4.92e-16,-1,-0.5,0.866025,0.866025,-0.5,-1,0
637,80,8,6.45676966,0,-0.5,-0.86603,-0.5,0.866025,1,-4.9e-15,-0.5,-0.86603,-0.5,0.866025,1,0
601,81,9,6.39859493,0,-3.4e-15,-1,-1,6.86e-15,1.03e-14,1,1,-1.4e-14,-1.7e-14,-1,-1,0
642,82,10,6.4645883,0,0.5,-0.86603,-0.5,-0.86603,-1,1.57e-14,-0.5,0.866025,0.5,0.866025,1,0
737,83,11,6.60258789,0,0.866025,-0.5,0.5,-0.86603,7.35e-15,-1,-0.5,-0.86603,-0.86603,-0.5,-1,0
1279,84,12,7.1538338,0,1,-1.7e-15,1,-3.4e-15,1,1.96e-15,1,-6.9e-15,1,1.27e-14,1,0
490,85,1,6.19440539,0,0.866025,0.5,0.5,0.866025,3.43e-15,1,-0.5,0.866025,-0.86603,0.5,-1,0
490,86,2,6.19440539,0,0.5,0.866025,-0.5,0.866025,-1,8.82e-15,-0.5,-0.86603,0.5,-0.86603,1,0
598,87,3,6.39359075,0,7.1e-15,1,-1,1.42e-14,-1.4e-14,-1,1,-2.8e-14,1.42e-14,1,-1,0
615,88,4,6.42162227,0,-0.5,0.866025,-0.5,-0.86603,1,-2e-14,-0.5,0.866025,-0.5,-0.86603,1,0
681,89,5,6.52356231,0,-0.86603,0.5,0.5,-0.86603,-3.4e-15,1,-0.5,-0.86603,0.866025,0.5,-1,0
654,90,6,6.48310735,0,-1,-1.7e-15,1,3.43e-15,-1,1.96e-15,1,6.86e-15,-1,-1.6e-14,1,0
637,91,7,6.45676966,0,-0.86603,-0.5,0.5,0.866025,-7.3e-15,-1,-0.5,0.866025,0.866025,-0.5,-1,0
694,92,8,6.54247196,0,-0.5,-0.86603,-0.5,0.866025,1,-1.3e-14,-0.5,-0.86603,-0.5,0.866025,1,0
645,93,9,6.46925032,0,-3.7e-15,-1,-1,7.35e-15,1.81e-14,1,1,-1.5e-14,-1.1e-14,-1,-1,0
684,94,10,6.52795792,0,0.5,-0.86603,-0.5,-0.86603,-1,-4.9e-15,-0.5,0.866025,0.5,0.866025,1,0
749,95,11,6.61873898,0,0.866025,-0.5,0.5,-0.86603,-4.9e-16,-1,-0.5,-0.86603,-0.86603,-0.5,-1,0
1245,96,12,7.12689081,1,1,-2e-15,1,-3.9e-15,1,-5.9e-15,1,-7.8e-15,1,-9.8e-15,1,0
489,97,1,6.19236249,0,0.866025,0.5,0.5,0.866025,1.13e-14,1,-0.5,0.866025,-0.86603,0.5,-1,0
511,98,2,6.23636959,0,0.5,0.866025,-0.5,0.866025,-1,1.67e-14,-0.5,-0.86603,0.5,-0.86603,1,0
612,99,3,6.41673228,0,2.44e-16,1,-1,4.88e-16,6.37e-15,-1,1,-9.8e-16,-2e-14,1,-1,0
623,100,4,6.43454652,0,-0.5,0.866025,-0.5,-0.86603,1,9.82e-16,-0.5,0.866025,-0.5,-0.86603,1,0
726,101,5,6.58755001,0,-0.86603,0.5,0.5,-0.86603,4.41e-15,1,-0.5,-0.86603,0.866025,0.5,-1,0
692,102,6,6.53958596,0,-1,5.63e-15,1,-1.1e-14,-1,9.8e-15,1,-2.3e-14,-1,6.86e-15,1,0
623,103,7,6.43454652,0,-0.86603,-0.5,0.5,0.866025,-1.5e-14,-1,-0.5,0.866025,0.866025,-0.5,-1,0
734,104,8,6.59850903,0,-0.5,-0.86603,-0.5,0.866025,1,7.84e-15,-0.5,-0.86603,-0.5,0.866025,1,0
662,105,9,6.49526556,0,3.19e-15,-1,-1,-6.4e-15,-2.5e-15,1,1,1.27e-14,2.3e-14,-1,-1,0
684,106,10,6.52795792,0,0.5,-0.86603,-0.5,-0.86603,-1,2.94e-15,-0.5,0.866025,0.5,0.866025,1,0
781,107,11,6.66057515,0,0.866025,-0.5,0.5,-0.86603,-8.3e-15,-1,-0.5,-0.86603,-0.86603,-0.5,-1,0
1386,108,12,7.23417718,0,1,-2.2e-15,1,-4.4e-15,1,-1.4e-14,1,-8.8e-15,1,-3.9e-15,1,0
503,109,1,6.22059017,0,0.866025,0.5,0.5,0.866025,1.91e-14,1,-0.5,0.866025,-0.86603,0.5,-1,0
537,110,2,6.28599809,0,0.5,0.866025,-0.5,0.866025,-1,-3.9e-15,-0.5,-0.86603,0.5,-0.86603,1,0
636,111,3,6.45519856,0,4.89e-16,1,-1,9.78e-16,-1.5e-15,-1,1,-2e-15,-2.6e-14,1,-1,0
560,112,4,6.32793678,0,-0.5,0.866025,-0.5,-0.86603,1,-6.9e-15,-0.5,0.866025,-0.5,-0.86603,1,1
607,113,5,6.40852879,0,-0.86603,0.5,0.5,-0.86603,1.22e-14,1,-0.5,-0.86603,0.866025,0.5,-1,1
585,114,6,6.37161185,0,-1,5.88e-15,1,-1.2e-14,-1,1.76e-14,1,-2.4e-14,-1,9.76e-16,1,1
559,115,7,6.32614947,0,-0.86603,-0.5,0.5,0.866025,5.39e-15,-1,-0.5,0.866025,0.866025,-0.5,-1,1
608,116,8,6.41017488,0,-0.5,-0.86603,-0.5,0.866025,1,2.71e-18,-0.5,-0.86603,-0.5,0.866025,1,1
556,117,9,6.32076829,0,-4.2e-15,-1,-1,8.33e-15,5.39e-15,1,1,-1.7e-14,2.89e-14,-1,-1,1
596,118,10,6.39024067,0,0.5,-0.86603,-0.5,-0.86603,-1,1.08e-14,-0.5,0.866025,0.5,0.866025,1,1
665,119,11,6.49978704,0,0.866025,-0.5,0.5,-0.86603,-1.6e-14,-1,-0.5,-0.86603,-0.86603,-0.5,-1,1
1229,120,12,7.11395611,0,1,-9.6e-15,1,-1.9e-14,1,-2.2e-14,1,-3.8e-14,1,1.96e-15,1,1
427,121,1,6.05678401,0,0.866025,0.5,0.5,0.866025,-1.5e-15,1,-0.5,0.866025,-0.86603,0.5,-1,1
450,122,2,6.10924758,0,0.5,0.866025,-0.5,0.866025,-1,3.92e-15,-0.5,-0.86603,0.5,-0.86603,1,1
573,123,3,6.35088572,0,7.84e-15,1,-1,1.57e-14,-9.3e-15,-1,1,-3.1e-14,2.5e-14,1,-1,1
579,124,4,6.36130248,0,-0.5,0.866025,-0.5,-0.86603,1,-1.5e-14,-0.5,0.866025,-0.5,-0.86603,1,1
615,125,5,6.42162227,0,-0.86603,0.5,0.5,-0.86603,2.01e-14,1,-0.5,-0.86603,0.866025,0.5,-1,1
601,126,6,6.39859493,0,-1,-9.8e-16,1,1.96e-15,-1,-2.9e-15,1,3.92e-15,-1,-4.9e-15,1,1
608,127,7,6.41017488,0,-0.86603,-0.5,0.5,0.866025,-2.4e-15,-1,-0.5,0.866025,0.866025,-0.5,-1,1
617,128,8,6.42486902,0,-0.5,-0.86603,-0.5,0.866025,1,-7.8e-15,-0.5,-0.86603,-0.5,0.866025,1,1
550,129,9,6.30991828,0,-4.4e-15,-1,-1,8.82e-15,1.32e-14,1,1,-1.8e-14,-2.2e-14,-1,-1,1
616,130,10,6.42324696,0,0.5,-0.86603,-0.5,-0.86603,-1,1.86e-14,-0.5,0.866025,0.5,0.866025,1,1
673,131,11,6.51174533,0,0.866025,-0.5,0.5,-0.86603,4.41e-15,-1,-0.5,-0.86603,-0.86603,-0.5,-1,1
1199,132,12,7.08924316,0,1,4.41e-15,1,8.82e-15,1,-9.8e-16,1,1.76e-14,1,7.85e-15,1,1
438,133,1,6.08221891,0,0.866025,0.5,0.5,0.866025,6.37e-15,1,-0.5,0.866025,-0.86603,0.5,-1,1
458,134,2,6.12686918,0,0.5,0.866025,-0.5,0.866025,-1,1.18e-14,-0.5,-0.86603,0.5,-0.86603,1,1
548,135,3,6.30627529,0,9.79e-16,1,-1,1.96e-15,-1.7e-14,-1,1,-3.9e-15,1.91e-14,1,-1,1
584,136,4,6.36990098,0,-0.5,0.866025,-0.5,-0.86603,1,5.88e-15,-0.5,0.866025,-0.5,-0.86603,1,1
639,137,5,6.45990445,0,-0.86603,0.5,0.5,-0.86603,-4.9e-16,1,-0.5,-0.86603,0.866025,0.5,-1,1
616,138,6,6.42324696,0,-1,6.37e-15,1,-1.3e-14,-1,4.9e-15,1,-2.5e-14,-1,-1.1e-14,1,1
614,139,7,6.41999493,0,-0.86603,-0.5,0.5,0.866025,-1e-14,-1,-0.5,0.866025,0.866025,-0.5,-1,1
647,140,8,6.47234629,0,-0.5,-0.86603,-0.5,0.866025,1,-1.6e-14,-0.5,-0.86603,-0.5,0.866025,1,1
588,141,9,6.37672695,0,-1.2e-14,-1,-1,2.35e-14,2.11e-14,1,1,-4.7e-14,-1.6e-14,-1,-1,1
648,142,10,6.4738907,0,0.5,-0.86603,-0.5,-0.86603,-1,-2e-15,-0.5,0.866025,0.5,0.866025,1,1
713,143,11,6.56948142,0,0.866025,-0.5,0.5,-0.86603,-3.4e-15,-1,-0.5,-0.86603,-0.86603,-0.5,-1,1
1261,144,12,7.13966034,0,1,-2.9e-15,1,-5.9e-15,1,-8.8e-15,1,-1.2e-14,1,1.37e-14,1,1
483,145,1,6.18001665,0,0.866025,0.5,0.5,0.866025,1.42e-14,1,-0.5,0.866025,-0.86603,0.5,-1,1
483,146,2,6.18001665,0,0.5,0.866025,-0.5,0.866025,-1,1.96e-14,-0.5,-0.86603,0.5,-0.86603,1,1
593,147,3,6.3851944,0,-5.9e-15,1,-1,-1.2e-14,3.43e-15,-1,1,2.35e-14,-4.4e-14,1,-1,1
620,148,4,6.42971948,0,-0.5,0.866025,-0.5,-0.86603,1,-2e-15,-0.5,0.866025,-0.5,-0.86603,1,1
672,149,5,6.51025834,0,-0.86603,0.5,0.5,-0.86603,7.35e-15,1,-0.5,-0.86603,0.866025,0.5,-1,1
650,150,6,6.47697236,0,-1,-4.9e-16,1,9.82e-16,-1,1.27e-14,1,1.96e-15,-1,-1.7e-14,1,1
643,151,7,6.46614472,0,-0.86603,-0.5,0.5,0.866025,-1.8e-14,-1,-0.5,0.866025,0.866025,-0.5,-1,1
702,152,8,6.5539334,0,-0.5,-0.86603,-0.5,0.866025,1,-2.4e-14,-0.5,-0.86603,-0.5,0.866025,1,1
654,153,9,6.48310735,0,-4.9e-15,-1,-1,9.8e-15,4.86e-16,1,1,-2e-14,-1e-14,-1,-1,1
