Date,Year,Weekday,Travelers,logTravelers,Time
3/1/2019,2019,6,1861286,14.436778205,1
3/2/2019,2019,7,2015079,14.516168959,2
3/3/2019,2019,1,2307393,14.651628874,3
3/4/2019,2019,2,2257920,14.629954593,4
3/5/2019,2019,3,1979558,14.498384145,5
3/6/2019,2019,4,2143619,14.57800608,6
3/7/2019,2019,5,2402692,14.692100333,7
3/8/2019,2019,6,2543689,14.749125948,8
3/9/2019,2019,7,2156262,14.583886725,9
3/10/2019,2019,1,2485430,14.725956241,10
3/11/2019,2019,2,2378673,14.682053327,11
3/12/2019,2019,3,2122898,14.568292694,12
3/13/2019,2019,4,2187298,14.59817755,13
3/14/2019,2019,5,2503924,14.733369659,14
3/15/2019,2019,6,2634215,14.784095783,15
3/16/2019,2019,7,2274658,14.637340269,16
3/17/2019,2019,1,2545742,14.749932718,17
3/18/2019,2019,2,2465709,14.717989951,18
3/19/2019,2019,3,2177929,14.593884983,19
3/20/2019,2019,4,2320885,14.657459136,20
3/21/2019,2019,5,2513231,14.737079734,21
3/22/2019,2019,6,2559307,14.755247077,22
3/23/2019,2019,7,2227181,14.616247218,23
3/24/2019,2019,1,2542643,14.748714649,24
3/25/2019,2019,2,2434370,14.705198554,25
3/26/2019,2019,3,2151913,14.581867772,26
3/27/2019,2019,4,2273811,14.636967836,27
3/28/2019,2019,5,2487162,14.726652859,28
3/29/2019,2019,6,2538384,14.747038216,29
3/30/2019,2019,7,2172920,14.591582443,30
3/31/2019,2019,1,2510294,14.735910436,31
4/1/2019,2019,2,2360053,14.674194634,32
4/2/2019,2019,3,2026256,14.521700313,33
4/3/2019,2019,4,2151626,14.581734393,34
4/4/2019,2019,5,2411500,14.695759518,35
4/5/2019,2019,6,2476884,14.722511877,36
4/6/2019,2019,7,2011715,14.51449815,37
4/7/2019,2019,1,2462929,14.71686185,38
4/8/2019,2019,2,2384091,14.684328478,39
4/9/2019,2019,3,2091056,14.553179759,40
4/10/2019,2019,4,2229276,14.617187427,41
4/11/2019,2019,5,2487398,14.726747742,42
4/12/2019,2019,6,2590499,14.767361079,43
4/13/2019,2019,7,2059142,14.537799949,44
4/14/2019,2019,1,2446801,14.710292015,45
4/15/2019,2019,2,2484580,14.725614189,46
4/16/2019,2019,3,2208688,14.607909232,47
4/17/2019,2019,4,2317381,14.655948227,48
4/18/2019,2019,5,2616158,14.777217387,49
4/19/2019,2019,6,2457133,14.714505781,50
4/20/2019,2019,7,1988205,14.50274278,51
4/21/2019,2019,1,2356802,14.672816173,52
4/22/2019,2019,2,2594171,14.768777563,53
4/23/2019,2019,3,2227475,14.616379215,54
4/24/2019,2019,4,2254209,14.628309693,55
4/25/2019,2019,5,2526961,14.742527953,56
4/26/2019,2019,6,2521897,14.740521954,57
4/27/2019,2019,7,1990464,14.503878335,58
4/28/2019,2019,1,2506809,14.734521188,59
4/29/2019,2019,2,2412770,14.696286023,60
4/30/2019,2019,3,2102068,14.55843218,61
5/1/2019,2019,4,2256442,14.629299794,62
5/2/2019,2019,5,2499461,14.731585667,63
5/3/2019,2019,6,2546029,14.750045448,64
5/4/2019,2019,7,1968278,14.492669607,65
5/5/2019,2019,1,2512598,14.736827836,66
5/6/2019,2019,2,2470969,14.720120939,67
5/7/2019,2019,3,2106597,14.560584407,68
5/8/2019,2019,4,2270662,14.635581977,69
5/9/2019,2019,5,2555342,14.753696628,70
5/10/2019,2019,6,2602631,14.772033414,71
5/11/2019,2019,7,1985942,14.501603919,72
5/12/2019,2019,1,2419114,14.698911915,73
5/13/2019,2019,2,2512315,14.736715197,74
5/14/2019,2019,3,2191387,14.600045235,75
5/15/2019,2019,4,2343675,14.667230768,76
5/16/2019,2019,5,2611324,14.77536793,77
5/17/2019,2019,6,2664549,14.79554537,78
5/18/2019,2019,7,2091116,14.553208453,79
5/19/2019,2019,1,2620276,14.778790214,80
5/20/2019,2019,2,2615691,14.777038865,81
5/21/2019,2019,3,2312727,14.653937906,82
5/22/2019,2019,4,2472123,14.720587854,83
5/23/2019,2019,5,2673635,14.798949528,84
5/24/2019,2019,6,2792670,14.842508685,85
5/25/2019,2019,7,2124825,14.569200004,86
5/26/2019,2019,1,2070716,14.543404999,87
5/27/2019,2019,2,2512237,14.736684149,88
5/28/2019,2019,3,2453649,14.713086862,89
5/29/2019,2019,4,2269035,14.634865189,90
5/30/2019,2019,5,2485770,14.726093029,91
5/31/2019,2019,6,2570613,14.75965495,92
6/1/2019,2019,7,2117180,14.565595572,93
6/2/2019,2019,1,2555578,14.753788979,94
6/3/2019,2019,2,2499002,14.73140201,95
6/4/2019,2019,3,2247421,14.625293895,96
6/5/2019,2019,4,2370152,14.678464646,97
6/6/2019,2019,5,2623947,14.780190231,98
6/7/2019,2019,6,2649808,14.789997743,99
6/8/2019,2019,7,2225952,14.615695247,100
6/9/2019,2019,1,2669860,14.797536595,101
6/10/2019,2019,2,2644981,14.78817444,102
6/11/2019,2019,3,2433189,14.704713301,103
6/12/2019,2019,4,2509058,14.735417942,104
6/13/2019,2019,5,2675686,14.799716354,105
6/14/2019,2019,6,2727860,14.819027977,106
6/15/2019,2019,7,2318946,14.65662333,107
6/16/2019,2019,1,2642083,14.787078179,108
6/17/2019,2019,2,2699580,14.808606763,109
6/18/2019,2019,3,2466574,14.718340701,110
6/19/2019,2019,4,2552395,14.752542692,111
6/20/2019,2019,5,2728786,14.81936738,112
6/21/2019,2019,6,2772903,14.835405344,113
6/22/2019,2019,7,2378559,14.6820054,114
6/23/2019,2019,1,2719643,14.81601118,115
6/24/2019,2019,2,2716428,14.81482834,116
6/25/2019,2019,3,2506510,14.734401905,117
6/26/2019,2019,4,2594661,14.76896643,118
6/27/2019,2019,5,2711222,14.812910014,119
6/28/2019,2019,6,2730515,14.820000794,120
6/29/2019,2019,7,2368846,14.677913475,121
6/30/2019,2019,1,2632030,14.78326597,122
7/1/2019,2019,2,2455536,14.713855625,123
7/2/2019,2019,3,2347767,14.668975222,124
7/3/2019,2019,4,2547889,14.750775731,125
7/4/2019,2019,5,2088760,14.552081146,126
7/5/2019,2019,6,2184253,14.596784452,127
7/6/2019,2019,7,2345846,14.668156662,128
7/7/2019,2019,1,2795369,14.843474677,129
7/8/2019,2019,2,2748718,14.826645179,130
7/9/2019,2019,3,2506859,14.734541133,131
7/10/2019,2019,4,2515902,14.738141945,132
7/11/2019,2019,5,2608209,14.774174337,133
7/12/2019,2019,6,2716812,14.814969692,134
7/13/2019,2019,7,2312178,14.653700495,135
7/14/2019,2019,1,2669717,14.797483032,136
7/15/2019,2019,2,2615115,14.776818632,137
7/16/2019,2019,3,2447177,14.710445673,138
7/17/2019,2019,4,2522563,14.740786006,139
7/18/2019,2019,5,2716828,14.814975581,140
7/19/2019,2019,6,2776960,14.836867362,141
7/20/2019,2019,7,2396462,14.689504041,142
7/21/2019,2019,1,2727355,14.818842833,143
7/22/2019,2019,2,2635312,14.784512139,144
7/23/2019,2019,3,2499460,14.731585267,145
7/24/2019,2019,4,2561911,14.756264022,146
7/25/2019,2019,5,2705399,14.810759964,147
7/26/2019,2019,6,2732770,14.820826305,148
7/27/2019,2019,7,2364925,14.676256867,149
7/28/2019,2019,1,2700723,14.809030073,150
7/29/2019,2019,2,2613346,14.776141951,151
7/30/2019,2019,3,2438967,14.707085147,152
7/31/2019,2019,4,2542365,14.748605308,153
8/1/2019,2019,5,2742882,14.82451975,154
8/2/2019,2019,6,2730936,14.820154966,155
8/3/2019,2019,7,2367967,14.677542339,156
8/4/2019,2019,1,2688640,14.804546048,157
8/5/2019,2019,2,2619406,14.778458132,158
8/6/2019,2019,3,2387115,14.685596082,159
8/7/2019,2019,4,2430094,14.703440498,160
8/8/2019,2019,5,2707986,14.811715743,161
8/9/2019,2019,6,2725000,14.817978986,162
8/10/2019,2019,7,2290340,14.644210836,163
8/11/2019,2019,1,2647897,14.789276298,164
8/12/2019,2019,2,2567986,14.758632492,165
8/13/2019,2019,3,2306829,14.651384412,166
8/14/2019,2019,4,2391906,14.687601096,167
8/15/2019,2019,5,2602446,14.77196233,168
8/16/2019,2019,6,2627564,14.781567739,169
8/17/2019,2019,7,2171962,14.591141464,170
8/18/2019,2019,1,2584444,14.765020956,171
8/19/2019,2019,2,2576965,14.762122908,172
8/20/2019,2019,3,2247446,14.625305018,173
8/21/2019,2019,4,2306838,14.651388314,174
8/22/2019,2019,5,2533184,14.744987567,175
8/23/2019,2019,6,2559244,14.75522246,176
8/24/2019,2019,7,2039233,14.528084315,177
8/25/2019,2019,1,2493162,14.729062342,178
8/26/2019,2019,2,2358007,14.673327329,179
8/27/2019,2019,3,2015088,14.516173425,180
8/28/2019,2019,4,2188688,14.598812836,181
8/29/2019,2019,5,2561109,14.755950926,182
8/30/2019,2019,6,2658558,14.793294429,183
8/31/2019,2019,7,1954902,14.485850622,184
9/1/2019,2019,1,1887845,14.450946525,185
9/2/2019,2019,2,2278159,14.638878219,186
9/3/2019,2019,3,2037750,14.527356816,187
9/4/2019,2019,4,1889044,14.451581439,188
9/5/2019,2019,5,2109858,14.562131205,189
9/6/2019,2019,6,2198828,14.603435049,190
9/7/2019,2019,7,1755502,14.378265414,191
9/8/2019,2019,1,2370003,14.678401779,192
9/9/2019,2019,2,2292985,14.64536502,193
9/10/2019,2019,3,1943379,14.479938769,194
9/11/2019,2019,4,2005867,14.511586944,195
9/12/2019,2019,5,2449302,14.711313644,196
9/13/2019,2019,6,2484025,14.725390786,197
9/14/2019,2019,7,1879822,14.446687649,198
9/15/2019,2019,1,2485134,14.72583714,199
9/16/2019,2019,2,2405832,14.693406348,200
9/17/2019,2019,3,2013050,14.515161543,201
9/18/2019,2019,4,2146857,14.57951547,202
9/19/2019,2019,5,2455410,14.713804311,203
9/20/2019,2019,6,2571924,14.760164815,204
9/21/2019,2019,7,1938402,14.47737448,205
9/22/2019,2019,1,2517826,14.738906389,206
9/23/2019,2019,2,2431388,14.703972846,207
9/24/2019,2019,3,2033490,14.525264087,208
9/25/2019,2019,4,2188236,14.598606298,209
9/26/2019,2019,5,2510926,14.736162167,210
9/27/2019,2019,6,2547611,14.750666615,211
9/28/2019,2019,7,1966234,14.491630596,212
9/29/2019,2019,1,2452596,14.712657613,213
9/30/2019,2019,2,2368818,14.677901655,214
10/1/2019,2019,3,1998980,14.508147608,215
10/2/2019,2019,4,2082179,14.548925499,216
10/3/2019,2019,5,2447687,14.710654055,217
10/4/2019,2019,6,2526835,14.742478089,218
10/5/2019,2019,7,1921185,14.468452741,219
10/6/2019,2019,1,2542118,14.74850815,220
10/7/2019,2019,2,2400153,14.691043043,221
10/8/2019,2019,3,2035628,14.526314929,222
10/9/2019,2019,4,2215233,14.610868148,223
10/10/2019,2019,5,2605291,14.773054935,224
10/11/2019,2019,6,2688032,14.804319885,225
10/12/2019,2019,7,2074718,14.545335799,226
10/13/2019,2019,1,2555333,14.753693106,227
10/14/2019,2019,2,2616771,14.777451673,228
10/15/2019,2019,3,2313632,14.654329142,229
10/16/2019,2019,4,2317763,14.656113054,230
10/17/2019,2019,5,2581007,14.763690191,231
10/18/2019,2019,6,2637667,14.785405372,232
10/19/2019,2019,7,2049855,14.533279617,233
10/20/2019,2019,1,2606266,14.773429104,234
10/21/2019,2019,2,2514673,14.737653333,235
10/22/2019,2019,3,2126637,14.570052417,236
10/23/2019,2019,4,2245199,14.624304717,237
10/24/2019,2019,5,2541581,14.748296886,238
10/25/2019,2019,6,2594337,14.768841551,239
10/26/2019,2019,7,1931971,14.474051283,240
10/27/2019,2019,1,2478287,14.723078154,241
10/28/2019,2019,2,2347017,14.668655718,242
10/29/2019,2019,3,1910506,14.462878686,243
10/30/2019,2019,4,2066516,14.541374655,244
10/31/2019,2019,5,2047910,14.532330319,245
11/1/2019,2019,6,2319906,14.657037226,246
11/2/2019,2019,7,1836781,14.423525141,247
11/3/2019,2019,1,2459525,14.7154788,248
11/4/2019,2019,2,2403304,14.692355015,249
11/5/2019,2019,3,2005101,14.511204992,250
11/6/2019,2019,4,2147882,14.579992798,251
11/7/2019,2019,5,2507365,14.734742959,252
11/8/2019,2019,6,2544350,14.749385773,253
11/9/2019,2019,7,1908805,14.46198795,254
11/10/2019,2019,1,2356349,14.672623945,255
11/11/2019,2019,2,2465392,14.717861379,256
11/12/2019,2019,3,2150003,14.580979795,257
11/13/2019,2019,4,2072207,14.544124781,258
11/14/2019,2019,5,2364920,14.676254753,259
11/15/2019,2019,6,2437211,14.706364911,260
11/16/2019,2019,7,1807230,14.407305844,261
11/17/2019,2019,1,2396681,14.689595422,262
11/18/2019,2019,2,2298856,14.647922166,263
11/19/2019,2019,3,1900895,14.457835386,264
11/20/2019,2019,4,2071631,14.543846778,265
11/21/2019,2019,5,2428095,14.702617557,266
11/22/2019,2019,6,2550459,14.751783901,267
11/23/2019,2019,7,2194291,14.601369545,268
11/24/2019,2019,1,2321546,14.657743901,269
11/25/2019,2019,2,2254188,14.628300377,270
11/26/2019,2019,3,2435170,14.705527127,271
11/27/2019,2019,4,2624250,14.780305699,272
11/28/2019,2019,5,1591158,14.279972611,273
11/29/2019,2019,6,1968137,14.492597968,274
11/30/2019,2019,7,2648268,14.789416399,275
12/1/2019,2019,1,2882915,14.874312493,276
12/2/2019,2019,2,2591470,14.76773584,277
12/3/2019,2019,3,2280403,14.63986274,278
12/4/2019,2019,4,2054380,14.535484657,279
12/5/2019,2019,5,2262878,14.632148012,280
12/6/2019,2019,6,2278205,14.63889841,281
12/7/2019,2019,7,1755801,14.378435721,282
12/8/2019,2019,1,2292079,14.644969824,283
12/9/2019,2019,2,2226290,14.615847081,284
12/10/2019,2019,3,1897051,14.455811133,285
12/11/2019,2019,4,2020488,14.518849624,286
12/12/2019,2019,5,2362310,14.675150512,287
12/13/2019,2019,6,2388029,14.685978897,288
12/14/2019,2019,7,1893871,14.454133441,289
12/15/2019,2019,1,2300248,14.648527501,290
12/16/2019,2019,2,2250386,14.626612315,291
12/17/2019,2019,3,2009112,14.513203391,292
12/18/2019,2019,4,2234374,14.619471657,293
12/19/2019,2019,5,2471408,14.720298587,294
12/20/2019,2019,6,2608088,14.774127944,295
12/21/2019,2019,7,2487987,14.726984508,296
12/22/2019,2019,1,2519399,14.739530939,297
12/23/2019,2019,2,2490503,14.727995256,298
12/24/2019,2019,3,1986433,14.501851126,299
12/25/2019,2019,4,1937235,14.476772257,300
12/26/2019,2019,5,2552194,14.752463939,301
12/27/2019,2019,6,2582580,14.764299457,302
12/28/2019,2019,7,2470786,14.720046877,303
12/29/2019,2019,1,2575985,14.761742543,304
12/30/2019,2019,2,2500396,14.731959677,305
12/31/2019,2019,3,2009880,14.513585577,306
1/1/2020,2020,4,2133253,14.573158603,307
1/2/2020,2020,5,2392331,14.687778762,308
1/3/2020,2020,6,2311732,14.653507585,309
1/4/2020,2020,7,2178656,14.594218731,310
1/5/2020,2020,1,2422272,14.700216501,311
1/6/2020,2020,2,2210542,14.608748292,312
1/7/2020,2020,3,1806480,14.406890758,313
1/8/2020,2020,4,1815040,14.411618064,314
1/9/2020,2020,5,2034472,14.525746884,315
1/10/2020,2020,6,2072543,14.544286914,316
1/11/2020,2020,7,1687974,14.339039551,317
1/12/2020,2020,1,2183734,14.596546814,318
1/13/2020,2020,2,1992453,14.504877101,319
1/14/2020,2020,3,1691205,14.340951851,320
1/15/2020,2020,4,1876872,14.445117119,321
1/16/2020,2020,5,2242656,14.623171436,322
1/17/2020,2020,6,2347075,14.66868043,323
1/18/2020,2020,7,1781893,14.39318684,324
1/19/2020,2020,1,2000260,14.50878773,325
1/20/2020,2020,2,2298616,14.647817761,326
1/21/2020,2020,3,1870459,14.441694413,327
1/22/2020,2020,4,1801444,14.404099123,328
1/23/2020,2020,5,2100401,14.557638837,329
1/24/2020,2020,6,2145063,14.578679481,330
1/25/2020,2020,7,1645196,14.313370084,331
1/26/2020,2020,1,2136584,14.57471885,332
1/27/2020,2020,2,2004609,14.510959587,333
1/28/2020,2020,3,1643435,14.312299122,334
1/29/2020,2020,4,1777171,14.390533332,335
1/30/2020,2020,5,2085468,14.550503848,336
1/31/2020,2020,6,2159047,14.585177479,337
2/1/2020,2020,7,1658886,14.321656851,338
2/2/2020,2020,1,1948138,14.482384603,339
2/3/2020,2020,2,2054725,14.535652577,340
2/4/2020,2020,3,1677798,14.332992777,341
2/5/2020,2020,4,1843877,14.427380978,342
2/6/2020,2020,5,2167857,14.58924968,343
2/7/2020,2020,6,2271551,14.635973416,344
2/8/2020,2020,7,1770241,14.386626253,345
2/9/2020,2020,1,2224826,14.615189268,346
2/10/2020,2020,2,2164951,14.587908286,347
2/11/2020,2020,3,1814047,14.411070819,348
2/12/2020,2020,4,2038375,14.52766348,349
2/13/2020,2020,5,2415185,14.697286447,350
2/14/2020,2020,6,2507588,14.734831893,351
2/15/2020,2020,7,1972248,14.494684567,352
2/16/2020,2020,1,2198657,14.603357277,353
2/17/2020,2020,2,2494922,14.729768024,354
2/18/2020,2020,3,2190300,14.599549079,355
2/19/2020,2020,4,2129862,14.571567747,356
2/20/2020,2020,5,2358511,14.673541046,357
2/21/2020,2020,6,2429489,14.703191505,358
2/22/2020,2020,7,1951535,14.4841268,359
2/23/2020,2020,1,2380359,14.682761875,360
2/24/2020,2020,2,2267382,14.63413642,361
2/25/2020,2020,3,1919803,14.467733135,362
2/26/2020,2020,4,2075554,14.545738664,363
2/27/2020,2020,5,2364727,14.67617314,364
2/28/2020,2020,6,2441643,14.708181731,365
2/29/2020,2020,7,1949696,14.483184021,366
3/1/2020,2020,1,2353150,14.671265414,367
3/2/2020,2020,2,2089641,14.552502839,368
3/3/2020,2020,3,1736393,14.367320531,369
3/4/2020,2020,4,1877401,14.445398932,370
3/5/2020,2020,5,2130015,14.57163958,371
3/6/2020,2020,6,2198517,14.6032936,372
3/7/2020,2020,7,1844811,14.427887391,373
3/8/2020,2020,1,2119867,14.566863909,374
3/9/2020,2020,2,1909363,14.462280237,375
3/10/2020,2020,3,1617220,14.296219184,376
3/11/2020,2020,4,1702686,14.347717562,377
3/12/2020,2020,5,1788456,14.396863236,378
3/13/2020,2020,6,1714372,14.354557391,379
3/14/2020,2020,7,1485553,14.211297651,380
3/15/2020,2020,1,1519192,14.233689173,381
3/16/2020,2020,2,1257823,14.044893007,382
3/17/2020,2020,3,953699,13.768103387,383
3/18/2020,2020,4,779631,13.56657601,384
3/19/2020,2020,5,620883,13.338897937,385
3/20/2020,2020,6,593167,13.293231257,386
3/21/2020,2020,7,548132,13.214271413,387
3/22/2020,2020,1,454516,13.026988396,388
3/23/2020,2020,2,331431,12.711174922,389
3/24/2020,2020,3,279018,12.539031575,390
3/25/2020,2020,4,239234,12.385197431,391
3/26/2020,2020,5,203858,12.225178952,392
3/27/2020,2020,6,199644,12.204291059,393
3/28/2020,2020,7,184027,12.122837765,394
3/29/2020,2020,1,180002,12.100723241,395
3/30/2020,2020,2,154080,11.945227227,396
3/31/2020,2020,3,146348,11.893742626,397
4/1/2020,2020,4,136023,11.820579268,398
4/2/2020,2020,5,124021,11.728206185,399
4/3/2020,2020,6,129763,11.773464989,400
4/4/2020,2020,7,118302,11.680995956,401
4/5/2020,2020,1,122029,11.712014,402
4/6/2020,2020,2,108310,11.592752765,403
4/7/2020,2020,3,97130,11.483805566,404
4/8/2020,2020,4,94931,11.460905591,405
4/9/2020,2020,5,104090,11.553011189,406
4/10/2020,2020,6,108977,11.59889213,407
4/11/2020,2020,7,93645,11.447266316,408
4/12/2020,2020,1,90510,11.413215621,409
4/13/2020,2020,2,102184,11.534530389,410
4/14/2020,2020,3,87534,11.379782568,411
4/15/2020,2020,4,90784,11.416238338,412
4/16/2020,2020,5,95085,11.462526507,413
4/17/2020,2020,6,106385,11.574819869,414
4/18/2020,2020,7,97236,11.484896292,415
4/19/2020,2020,1,105382,11.565347123,416
4/20/2020,2020,2,99344,11.506343854,417
4/21/2020,2020,3,92859,11.438837493,418
4/22/2020,2020,4,98968,11.502551845,419
4/23/2020,2020,5,111627,11.622918235,420
4/24/2020,2020,6,123464,11.723704895,421
4/25/2020,2020,7,114459,11.647971959,422
4/26/2020,2020,1,128875,11.766598221,423
4/27/2020,2020,2,119854,11.694029614,424
4/28/2020,2020,3,110913,11.616501389,425
4/29/2020,2020,4,119629,11.692150566,426
4/30/2020,2020,5,154695,11.949210715,427
5/1/2020,2020,6,171563,12.052705825,428
5/2/2020,2020,7,134261,11.807540946,429
5/3/2020,2020,1,170254,12.045046719,430
5/4/2020,2020,2,163692,12.005741892,431
5/5/2020,2020,3,130601,11.779902153,432
5/6/2020,2020,4,140409,11.852314871,433
5/7/2020,2020,5,190863,12.159311172,434
5/8/2020,2020,6,215444,12.280456294,435
5/9/2020,2020,7,169580,12.041080071,436
5/10/2020,2020,1,200815,12.210139365,437
5/11/2020,2020,2,215645,12.281388816,438
5/12/2020,2020,3,163205,12.002762358,439
5/13/2020,2020,4,176667,12.082021884,440
5/14/2020,2020,5,234928,12.367034363,441
5/15/2020,2020,6,250467,12.431082454,442
5/16/2020,2020,7,193340,12.172205576,443
5/17/2020,2020,1,253807,12.444329415,444
5/18/2020,2020,2,244176,12.405644556,445
5/19/2020,2020,3,190477,12.157286731,446
5/20/2020,2020,4,230367,12.347428968,447
5/21/2020,2020,5,318449,12.671217616,448
5/22/2020,2020,6,348673,12.761889799,449
5/23/2020,2020,7,253190,12.441895474,450
5/24/2020,2020,1,267451,12.496691651,451
5/25/2020,2020,2,340769,12.738960107,452
5/26/2020,2020,3,264843,12.486892477,453
5/27/2020,2020,4,261170,12.472926815,454
5/28/2020,2020,5,321776,12.68161093,455
5/29/2020,2020,6,327133,12.698122095,456
5/30/2020,2020,7,268867,12.501972113,457
5/31/2020,2020,1,352947,12.774073183,458
6/1/2020,2020,2,353261,12.774962439,459
6/2/2020,2020,3,267742,12.497779109,460
6/3/2020,2020,4,304436,12.626216163,461
6/4/2020,2020,5,391882,12.878716053,462
6/5/2020,2020,6,419675,12.947235881,463
6/6/2020,2020,7,353016,12.774268661,464
6/7/2020,2020,1,441255,12.997378219,465
6/8/2020,2020,2,430414,12.972502815,466
6/9/2020,2020,3,338382,12.731930714,467
6/10/2020,2020,4,386969,12.866099865,468
6/11/2020,2020,5,502209,13.126771647,469
6/12/2020,2020,6,519304,13.160244732,470
6/13/2020,2020,7,437119,12.987960748,471
6/14/2020,2020,1,544046,13.206789081,472
6/15/2020,2020,2,534528,13.189139393,473
6/16/2020,2020,3,417924,12.943054877,474
6/17/2020,2020,4,441829,12.998678208,475
6/18/2020,2020,5,576514,13.264754903,476
6/19/2020,2020,6,587908,13.284325752,477
6/20/2020,2020,7,507129,13.136520688,478
6/21/2020,2020,1,590456,13.288650399,479
6/22/2020,2020,2,607540,13.317173296,480
6/23/2020,2020,3,471421,13.063506817,481
6/24/2020,2020,4,494826,13.111961465,482
6/25/2020,2020,5,623624,13.343302902,483
6/26/2020,2020,6,632984,13.358200424,484
6/27/2020,2020,7,546310,13.210941859,485
6/28/2020,2020,1,633810,13.359504504,486
6/29/2020,2020,2,625235,13.345882858,487
6/30/2020,2020,3,500054,13.122471372,488
7/1/2020,2020,4,626516,13.347929592,489
7/2/2020,2020,5,764761,13.547318646,490
7/3/2020,2020,6,718988,13.485599947,491
7/4/2020,2020,7,466669,13.053375506,492
7/5/2020,2020,1,732123,13.503703812,493
7/6/2020,2020,2,755555,13.535207858,494
7/7/2020,2020,3,641761,13.371971239,495
7/8/2020,2020,4,632498,13.357432338,496
7/9/2020,2020,5,709653,13.472531397,497
7/10/2020,2020,6,711124,13.474602096,498
7/11/2020,2020,7,656284,13.394348901,499
7/12/2020,2020,1,754545,13.533870198,500
7/13/2020,2020,2,697985,13.455952892,501
7/14/2020,2020,3,540268,13.199820592,502
7/15/2020,2020,4,589285,13.286665217,503
7/16/2020,2020,5,706164,13.467602784,504
7/17/2020,2020,6,720378,13.487531353,505
7/18/2020,2020,7,646654,13.379566655,506
7/19/2020,2020,1,747422,13.524385231,507
7/20/2020,2020,2,695330,13.452141832,508
7/21/2020,2020,3,530421,13.18142631,509
7/22/2020,2020,4,570951,13.255058671,510
7/23/2020,2020,5,704815,13.465690636,511
7/24/2020,2020,6,724770,13.493609642,512
7/25/2020,2020,7,649027,13.383229597,513
7/26/2020,2020,1,751205,13.529433863,514
7/27/2020,2020,2,700043,13.458897041,515
7/28/2020,2020,3,536756,13.193298894,516
7/29/2020,2020,4,573200,13.258989975,517
7/30/2020,2020,5,718310,13.48465651,518
7/31/2020,2020,6,767320,13.550659203,519
8/1/2020,2020,7,709033,13.471657349,520
8/2/2020,2020,1,799861,13.592193242,521
8/3/2020,2020,2,737235,13.510661981,522
8/4/2020,2020,3,543601,13.205970801,523
8/5/2020,2020,4,595739,13.297557931,524
8/6/2020,2020,5,743599,13.51925719,525
8/7/2020,2020,6,762547,13.544419425,526
8/8/2020,2020,7,683212,13.434560486,527
8/9/2020,2020,1,831789,13.631334082,528
8/10/2020,2020,2,761861,13.543519403,529
8/11/2020,2020,3,559420,13.234655812,530
8/12/2020,2020,4,590749,13.289146502,531
8/13/2020,2020,5,761821,13.543466899,532
8/14/2020,2020,6,783744,13.571837715,533
8/15/2020,2020,7,689895,13.444294691,534
8/16/2020,2020,1,862949,13.668110872,535
8/17/2020,2020,2,773319,13.55844692,536
8/18/2020,2020,3,565946,13.246253946,537
8/19/2020,2020,4,586718,13.282299575,538
8/20/2020,2020,5,772380,13.557231936,539
8/21/2020,2020,6,764468,13.546935446,540
8/22/2020,2020,7,625822,13.346821265,541
8/23/2020,2020,1,841806,13.643304863,542
8/24/2020,2020,2,726788,13.496390105,543
8/25/2020,2020,3,523186,13.16769232,544
8/26/2020,2020,4,540043,13.199404045,545
8/27/2020,2020,5,721060,13.488477631,546
8/28/2020,2020,6,738873,13.512881331,547
8/29/2020,2020,7,591734,13.290812489,548
8/30/2020,2020,1,807695,13.601939791,549
8/31/2020,2020,2,711178,13.474678029,550
9/1/2020,2020,3,516068,13.153993819,551
9/2/2020,2020,4,578131,13.267555766,552
9/3/2020,2020,5,877698,13.68505785,553
9/4/2020,2020,6,968673,13.783682373,554
9/5/2020,2020,7,664640,13.40700082,555
9/6/2020,2020,1,689630,13.443910501,556
9/7/2020,2020,2,935308,13.748631166,557
9/8/2020,2020,3,704075,13.464640164,558
9/9/2020,2020,4,616923,13.332499498,559
9/10/2020,2020,5,755051,13.534540576,560
9/11/2020,2020,6,731353,13.502651522,561
9/12/2020,2020,7,613703,13.327266377,562
9/13/2020,2020,1,809850,13.604604324,563
9/14/2020,2020,2,729558,13.50019415,564
9/15/2020,2020,3,522383,13.166156314,565
9/16/2020,2020,4,577847,13.267064407,566
9/17/2020,2020,5,784746,13.573115378,567
9/18/2020,2020,6,812214,13.607519131,568
9/19/2020,2020,7,638575,13.36699441,569
9/20/2020,2020,1,847968,13.650598178,570
9/21/2020,2020,2,769936,13.554062673,571
9/22/2020,2020,3,549741,13.217202537,572
9/23/2020,2020,4,608726,13.319123528,573
9/24/2020,2020,5,826316,13.624732546,574
9/25/2020,2020,6,826329,13.624748278,575
9/26/2020,2020,7,659350,13.39900978,576
9/27/2020,2020,1,873038,13.679734362,577
9/28/2020,2020,2,797699,13.589486612,578
9/29/2020,2020,3,568688,13.251087232,579
9/30/2020,2020,4,634046,13.359876786,580
10/1/2020,2020,5,855908,13.659918173,581
10/2/2020,2020,6,857186,13.66141021,582
10/3/2020,2020,7,677661,13.426402442,583
10/4/2020,2020,1,900911,13.711161753,584
10/5/2020,2020,2,816838,13.613196068,585
10/6/2020,2020,3,590766,13.289175279,586
10/7/2020,2020,4,668519,13.412820097,587
10/8/2020,2020,5,936915,13.750347842,588
10/9/2020,2020,6,968545,13.783550224,589
10/10/2020,2020,7,769868,13.553974351,590
10/11/2020,2020,1,984234,13.799618953,591
10/12/2020,2020,2,958440,13.773062242,592
10/13/2020,2020,3,680894,13.43116192,593
10/14/2020,2020,4,717940,13.484141279,594
10/15/2020,2020,5,950024,13.764242526,595
10/16/2020,2020,6,973046,13.788186637,596
10/17/2020,2020,7,788743,13.578195818,597
10/18/2020,2020,1,1031505,13.846529459,598
10/19/2020,2020,2,921031,13.733248974,599
10/20/2020,2020,3,662484,13.403751686,600
10/21/2020,2020,4,694150,13.450443354,601
10/22/2020,2020,5,934386,13.747644908,602
10/23/2020,2020,6,958437,13.773059112,603
10/24/2020,2020,7,755287,13.534853088,604
10/25/2020,2020,1,983745,13.799121996,605
10/26/2020,2020,2,898735,13.708743498,606
10/27/2020,2020,3,648577,13.382536011,607
10/28/2020,2020,4,666957,13.410480855,608
10/29/2020,2020,5,873636,13.680419092,609
10/30/2020,2020,6,892712,13.702019299,610
10/31/2020,2020,7,618476,13.335013667,611
11/1/2020,2020,1,936092,13.749469041,612
11/2/2020,2020,2,846138,13.648437746,613
11/3/2020,2020,3,575829,13.263566021,614
11/4/2020,2020,4,636533,13.363791542,615
11/5/2020,2020,5,867105,13.672915356,616
11/6/2020,2020,6,895091,13.704680668,617
11/7/2020,2020,7,689951,13.44437586,618
11/8/2020,2020,1,973020,13.788159916,619
11/9/2020,2020,2,836600,13.637101338,620
11/10/2020,2020,3,596475,13.298792608,621
11/11/2020,2020,4,674633,13.421924118,622
11/12/2020,2020,5,866679,13.672423945,623
11/13/2020,2020,6,881579,13.689469897,624
11/14/2020,2020,7,697360,13.455057056,625
11/15/2020,2020,1,978297,13.793568584,626
11/16/2020,2020,2,883157,13.691258267,627
11/17/2020,2020,3,611497,13.323665328,628
11/18/2020,2020,4,703135,13.463304186,629
11/19/2020,2020,5,907332,13.718263704,630
11/20/2020,2020,6,1019836,13.835152388,631
11/21/2020,2020,7,948369,13.762498946,632
11/22/2020,2020,1,1047934,13.862331165,633
11/23/2020,2020,2,917354,13.729248718,634
11/24/2020,2020,3,912090,13.723493948,635
11/25/2020,2020,4,1070967,13.884072537,636
11/26/2020,2020,5,560902,13.237301481,637
11/27/2020,2020,6,820399,13.617546086,638
11/28/2020,2020,7,964630,13.779499887,639
11/29/2020,2020,1,1176091,13.977706785,640
11/30/2020,2020,2,981912,13.79725697,641
12/1/2020,2020,3,780283,13.567411953,642
12/2/2020,2020,4,632356,13.357207806,643
12/3/2020,2020,5,734050,13.506332425,644
12/4/2020,2020,6,753951,13.533082658,645
12/5/2020,2020,7,629430,13.352569927,646
12/6/2020,2020,1,837137,13.637743016,647
12/7/2020,2020,2,703546,13.463888541,648
12/8/2020,2020,3,501513,13.125384808,649
12/9/2020,2020,4,564372,13.243468888,650
12/10/2020,2020,5,754307,13.533554726,651
12/11/2020,2020,6,787489,13.576604681,652
12/12/2020,2020,7,662380,13.403594688,653
12/13/2020,2020,1,865014,13.670500971,654
12/14/2020,2020,2,752451,13.531091157,655
12/15/2020,2020,3,552024,13.221346803,656
12/16/2020,2020,4,641966,13.372290622,657
12/17/2020,2020,5,846934,13.649378049,658
12/18/2020,2020,6,1066747,13.880124389,659
12/19/2020,2020,7,1073563,13.886493581,660
12/20/2020,2020,1,1064619,13.878127547,661
12/21/2020,2020,2,954782,13.769238321,662
12/22/2020,2020,3,992167,13.807646719,663
12/23/2020,2020,4,1191123,13.990407118,664
12/24/2020,2020,5,846520,13.648889107,665
12/25/2020,2020,6,616469,13.331763316,666
12/26/2020,2020,7,1128773,13.93664176,667
12/27/2020,2020,1,1284599,14.065957165,668
12/28/2020,2020,2,1111751,13.921446808,669
12/29/2020,2020,3,1019347,13.834672784,670
12/30/2020,2020,4,1163696,13.967111705,671
12/31/2020,2020,5,874406,13.681300078,672
1/1/2021,2021,6,805990,13.599826614,673
1/2/2021,2021,7,1192881,13.991881948,674
1/3/2021,2021,1,1327289,14.098649074,675
1/4/2021,2021,2,1080346,13.892791918,676
1/5/2021,2021,3,766594,13.549712605,677
1/6/2021,2021,4,665855,13.408827208,678
1/7/2021,2021,5,771734,13.55639521,679
1/8/2021,2021,6,772451,13.557323855,680
1/9/2021,2021,7,709444,13.472236844,681
1/10/2021,2021,1,886536,13.695077013,682
1/11/2021,2021,2,708177,13.470449341,683
1/12/2021,2021,3,520117,13.161809065,684
1/13/2021,2021,4,567401,13.248821564,685
1/14/2021,2021,5,803688,13.596966413,686
1/15/2021,2021,6,903039,13.713521021,687
1/16/2021,2021,7,690438,13.445081458,688
1/17/2021,2021,1,810654,13.605596608,689
1/18/2021,2021,2,878048,13.685456541,690
1/19/2021,2021,3,560190,13.236031291,691
1/20/2021,2021,4,542338,13.203644702,692
1/21/2021,2021,5,728978,13.499398832,693
1/22/2021,2021,6,755028,13.534510114,694
1/23/2021,2021,7,603527,13.310546058,695
1/24/2021,2021,1,838116,13.638911795,696
1/25/2021,2021,2,701709,13.461274067,697
1/26/2021,2021,3,468933,13.05821518,698
1/27/2021,2021,4,536935,13.193632323,699
1/28/2021,2021,5,750558,13.528572209,700
1/29/2021,2021,6,774688,13.560215647,701
1/30/2021,2021,7,617489,13.333416534,702
1/31/2021,2021,1,859039,13.663569602,703
2/1/2021,2021,2,628989,13.351869047,704
2/2/2021,2021,3,493338,13.108949816,705
2/3/2021,2021,4,618615,13.335238387,706
2/4/2021,2021,5,778065,13.564565347,707
2/5/2021,2021,6,868624,13.674665629,708
2/6/2021,2021,7,705951,13.467301109,709
2/7/2021,2021,1,854636,13.658430926,710
2/8/2021,2021,2,864783,13.670233887,711
2/9/2021,2021,3,617619,13.333627041,712
2/10/2021,2021,4,735009,13.507638023,713
2/11/2021,2021,5,1034514,13.849442309,714
2/12/2021,2021,6,1151420,13.956506521,715
2/13/2021,2021,7,900696,13.710923077,716
2/14/2021,2021,1,946458,13.760481875,717
2/15/2021,2021,2,967693,13.782670167,718
2/16/2021,2021,3,738422,13.512270756,719
2/17/2021,2021,4,773422,13.558580104,720
2/18/2021,2021,5,914823,13.726485883,721
2/19/2021,2021,6,1059452,13.873262351,722
2/20/2021,2021,7,942238,13.756013176,723
2/21/2021,2021,1,1115479,13.924794467,724
2/22/2021,2021,2,963280,13.778099407,725
2/23/2021,2021,3,714725,13.479653132,726
2/24/2021,2021,4,802230,13.595150629,727
2/25/2021,2021,5,1051149,13.86539441,728
2/26/2021,2021,6,1096348,13.907495214,729
2/27/2021,2021,7,917282,13.729170228,730
2/28/2021,2021,1,1190682,13.99003681,731
3/1/2021,2021,2,1049692,13.864007346,732
3/2/2021,2021,3,744812,13.520887117,733
3/3/2021,2021,4,826924,13.625468071,734
3/4/2021,2021,5,1107534,13.91764648,735
3/5/2021,2021,6,1168734,13.97143167,736
3/6/2021,2021,7,992406,13.807887577,737
3/7/2021,2021,1,1278557,14.061242656,738
3/8/2021,2021,2,1119303,13.928216728,739
3/9/2021,2021,3,825745,13.624041288,740
3/10/2021,2021,4,974221,13.789393456,741
3/11/2021,2021,5,1286894,14.067742121,742
3/12/2021,2021,6,1409771,14.158937838,743
3/13/2021,2021,7,1227484,14.020477104,744
3/14/2021,2021,1,1345284,14.112115701,745
3/15/2021,2021,2,1267345,14.052434719,746
3/16/2021,2021,3,1092548,13.904023141,747
3/17/2021,2021,4,1146539,13.952258397,748
3/18/2021,2021,5,1413141,14.161325444,749
3/19/2021,2021,6,1477841,14.206092797,750
3/20/2021,2021,7,1373259,14.132697305,751
3/21/2021,2021,1,1543136,14.249327267,752
3/22/2021,2021,2,1360290,14.12320847,753
3/23/2021,2021,3,1076453,13.889181935,754
3/24/2021,2021,4,1164954,13.968192159,755
3/25/2021,2021,5,1444744,14.183442701,756
3/26/2021,2021,6,1535156,14.244142563,757
3/27/2021,2021,7,1408198,14.157821431,758
3/28/2021,2021,1,1574228,14.269275551,759
3/29/2021,2021,2,1406234,14.156425767,760
3/30/2021,2021,3,1130520,13.938188262,761
3/31/2021,2021,4,1278113,14.060895329,762
4/1/2021,2021,5,1562239,14.261630607,763
4/2/2021,2021,6,1580785,14.273432117,764
4/3/2021,2021,7,1397958,14.150523158,765
4/4/2021,2021,1,1534474,14.243698209,766
4/5/2021,2021,2,1561959,14.261451361,767
4/6/2021,2021,3,1195306,13.993912778,768
4/7/2021,2021,4,1230939,14.023287851,769
4/8/2021,2021,5,1510829,14.228169065,770
4/9/2021,2021,6,1549181,14.253236962,771
4/10/2021,2021,7,1378237,14.136315704,772
4/11/2021,2021,1,1561495,14.261154254,773
4/12/2021,2021,2,1468972,14.200073394,774
4/13/2021,2021,3,1085034,13.897121881,775
4/14/2021,2021,4,1152703,13.957620177,776
4/15/2021,2021,5,1491435,14.215249302,777
4/16/2021,2021,6,1468218,14.199559978,778
4/17/2021,2021,7,1277815,14.060662146,779
4/18/2021,2021,1,1572383,14.268102861,780
4/19/2021,2021,2,1412500,14.160871742,781
4/20/2021,2021,3,1082443,13.894731082,782
4/21/2021,2021,4,1164099,13.967457955,783
4/22/2021,2021,5,1509649,14.227387731,784
4/23/2021,2021,6,1521393,14.235136921,785
4/24/2021,2021,7,1259724,14.046403207,786
4/25/2021,2021,1,1571220,14.267362946,787
4/26/2021,2021,2,1369410,14.129890548,788
4/27/2021,2021,3,1077199,13.889874712,789
4/28/2021,2021,4,1184326,13.984684394,790
4/29/2021,2021,5,1526681,14.238606656,791
4/30/2021,2021,6,1558553,14.259268385,792
5/1/2021,2021,7,1335535,14.104842519,793
5/2/2021,2021,1,1626962,14.30222503,794
5/3/2021,2021,2,1463672,14.196458905,795
5/4/2021,2021,3,1134103,13.941352588,796
5/5/2021,2021,4,1268939,14.053691676,797
5/6/2021,2021,5,1644050,14.312673268,798
5/7/2021,2021,6,1703267,14.34805873,799
5/8/2021,2021,7,1429657,14.172945113,800
5/9/2021,2021,1,1707805,14.350719478,801
5/10/2021,2021,2,1657722,14.320954929,802
5/11/2021,2021,3,1315493,14.089722058,803
5/12/2021,2021,4,1424664,14.169446554,804
5/13/2021,2021,5,1743515,14.371413748,805
5/14/2021,2021,6,1716561,14.355833429,806
5/15/2021,2021,7,1453267,14.189324683,807
5/16/2021,2021,1,1850531,14.430983183,808
5/17/2021,2021,2,1734541,14.366253383,809
5/18/2021,2021,3,1408017,14.157692889,810
5/19/2021,2021,4,1496089,14.218364928,811
5/20/2021,2021,5,1728496,14.362762224,812
5/21/2021,2021,6,1820433,14.414584943,813
5/22/2021,2021,7,1550044,14.253793876,814
5/23/2021,2021,1,1863697,14.438072707,815
5/24/2021,2021,2,1747353,14.373612629,816
5/25/2021,2021,3,1470840,14.201344224,817
5/26/2021,2021,4,1618169,14.296805821,818
5/27/2021,2021,5,1854534,14.43314401,819
5/28/2021,2021,6,1959593,14.488247357,820
5/29/2021,2021,7,1605810,14.28913886,821
5/30/2021,2021,1,1650454,14.31656096,822
5/31/2021,2021,2,1900170,14.457453914,823
6/1/2021,2021,3,1682752,14.335941106,824
6/2/2021,2021,4,1587910,14.277929244,825
6/3/2021,2021,5,1815931,14.412108842,826
6/4/2021,2021,6,1879885,14.446721163,827
6/5/2021,2021,7,1681192,14.335013624,828
6/6/2021,2021,1,1984658,14.500957165,829
6/7/2021,2021,2,1828396,14.418949638,830
6/8/2021,2021,3,1560561,14.26055593,831
6/9/2021,2021,4,1669537,14.3280569,832
6/10/2021,2021,5,1975189,14.496174648,833
6/11/2021,2021,6,2028961,14.523034397,834
6/12/2021,2021,7,1812797,14.410381514,835
6/13/2021,2021,1,2097433,14.556224774,836
6/14/2021,2021,2,1800954,14.403827082,837
6/15/2021,2021,3,1678688,14.333523094,838
6/16/2021,2021,4,1792370,14.399049324,839
6/17/2021,2021,5,2039425,14.528178463,840
6/18/2021,2021,6,2081115,14.548414366,841
6/19/2021,2021,7,1882381,14.448048023,842
6/20/2021,2021,1,2100761,14.557810218,843
6/21/2021,2021,2,2030577,14.523830547,844
6/22/2021,2021,3,1795141,14.400594128,845
6/23/2021,2021,4,1801329,14.404035284,846
6/24/2021,2021,5,2085327,14.550436235,847
6/25/2021,2021,6,2137584,14.575186777,848
6/26/2021,2021,7,1918705,14.467161037,849
6/27/2021,2021,1,2167380,14.589029623,850
6/28/2021,2021,2,2066964,14.541591422,851
6/29/2021,2021,3,1808306,14.407901053,852
6/30/2021,2021,4,1920663,14.468180997,853
7/1/2021,2021,5,2147090,14.579623995,854
7/2/2021,2021,6,2196411,14.602335223,855
7/3/2021,2021,7,1915017,14.465237058,856
7/4/2021,2021,1,1681896,14.335432286,857
7/5/2021,2021,2,2160147,14.585686833,858
7/6/2021,2021,3,1889911,14.452040296,859
7/7/2021,2021,4,1880160,14.446867438,860
7/8/2021,2021,5,2027364,14.522246985,861
7/9/2021,2021,6,2147903,14.580002575,862
7/10/2021,2021,7,1987652,14.502464601,863
7/11/2021,2021,1,2198635,14.603347271,864
7/12/2021,2021,2,2093066,14.554140535,865
7/13/2021,2021,3,1832878,14.421397967,866
7/14/2021,2021,4,1900945,14.457861689,867
7/15/2021,2021,5,2152053,14.581932828,868
7/16/2021,2021,6,2199815,14.603883824,869
7/17/2021,2021,7,1979981,14.498597807,870
7/18/2021,2021,1,2227704,14.616482017,871
7/19/2021,2021,2,2141429,14.576983921,872
7/20/2021,2021,3,1871986,14.442510457,873
7/21/2021,2021,4,1934918,14.475575506,874
7/22/2021,2021,5,2101343,14.558087222,875
7/23/2021,2021,6,2159300,14.585294653,876
7/24/2021,2021,7,1942879,14.479681452,877
7/25/2021,2021,1,2177129,14.593517594,878
7/26/2021,2021,2,2124474,14.5690348,879
7/27/2021,2021,3,1858328,14.435187717,880
7/28/2021,2021,4,1923980,14.469906515,881
7/29/2021,2021,5,2127634,14.570521122,882
7/30/2021,2021,6,2198585,14.60332453,883
7/31/2021,2021,7,2007412,14.512356888,884
8/01/2021,2021,1,2238462,14.621299581,885
8/02/2021,2021,2,2031758,14.524411986,886
8/03/2021,2021,3,1797120,14.401695941,887
8/04/2021,2021,4,1855299,14.433556427,888
8/05/2021,2021,5,2063720,14.540020737,889
8/06/2021,2021,6,2109091,14.561767607,890
8/07/2021,2021,7,1925641,14.470769457,891
8/08/2021,2021,1,2168264,14.589437405,892
8/09/2021,2021,2,2022858,14.520021921,893
8/10/2021,2021,3,1727075,14.361939784,894
8/11/2021,2021,4,1761348,14.381589983,895
8/12/2021,2021,5,2045301,14.531055525,896
8/13/2021,2021,6,2065379,14.540824303,897
8/14/2021,2021,7,1811767,14.40981317,898
8/15/2021,2021,1,2114166,14.564170966,899
8/16/2021,2021,2,1980585,14.498902814,900
8/17/2021,2021,3,1607238,14.290027736,901
8/18/2021,2021,4,1678231,14.33325082,902
8/19/2021,2021,5,1945026,14.480785903,903
8/20/2021,2021,6,1990608,14.503950678,904
8/21/2021,2021,7,1685462,14.337550268,905
8/22/2021,2021,1,1965020,14.491012981,906
8/23/2021,2021,2,1820355,14.414542095,907
8/24/2021,2021,3,1468219,14.19956066,908
8/25/2021,2021,4,1539707,14.247102697,909
8/26/2021,2021,5,1826310,14.417808096,910
8/27/2021,2021,6,1853622,14.432652121,911
8/28/2021,2021,7,1511294,14.228476795,912
8/29/2021,2021,1,1900658,14.4577107,913
8/30/2021,2021,2,1629475,14.303768435,914
8/31/2021,2021,3,1345064,14.111952154,915
9/1/2021,2021,4,1465197,14.197500262,916
9/2/2021,2021,5,1896846,14.455703065,917
9/3/2021,2021,6,2129999,14.571632068,918
9/4/2021,2021,7,1545955,14.2511524,919
9/5/2021,2021,1,1630786,14.304572665,920
9/6/2021,2021,2,2025556,14.521354789,921
9/7/2021,2021,3,1662932,14.324092867,922
9/8/2021,2021,4,1439804,14.180017551,923
9/9/2021,2021,5,1685668,14.337672482,924
9/10/2021,2021,6,1792979,14.39938904,925
9/11/2021,2021,7,1363653,14.125677686,926
9/12/2021,2021,1,1966456,14.491743496,927
9/13/2021,2021,2,1672895,14.330066216,928
9/14/2021,2021,3,1271516,14.055720447,929
9/15/2021,2021,4,1455913,14.191143753,930
9/16/2021,2021,5,1851345,14.43142296,931
9/17/2021,2021,6,1942337,14.479402445,932
9/18/2021,2021,7,1476269,14.205028517,933
9/19/2021,2021,1,2075468,14.545697228,934
9/20/2021,2021,2,1820152,14.414430572,935
9/21/2021,2021,3,1338166,14.106810578,936
9/22/2021,2021,4,1460478,14.194274337,937
9/23/2021,2021,5,1904732,14.459851874,938
9/24/2021,2021,6,2019891,14.518554108,939
9/25/2021,2021,7,1525438,14.23779214,940
9/26/2021,2021,1,2102155,14.558473567,941
9/27/2021,2021,2,1849171,14.430247989,942
9/28/2021,2021,3,1334997,14.104439603,943
9/29/2021/9/29/2021,2021,4,1448369,14.185948654,944
9/30/2021,2021,5,1934592,14.47540701,945
10/1/2021,2021,6,2011794,14.514537419,946
10/2/2021,2021,7,1534114,14.243463574,947
10/3/2021,2021,1,2100167,14.557527423,948
10/4/2021,2021,2,1842054,14.426391811,949
10/5/2021,2021,3,1390201,14.144958899,950
10/6/2021,2021,4,1563565,14.262479028,951
10/7/2021,2021,5,2063090,14.539715417,952
10/8/2021,2021,6,2169783,14.590137721,953
10/9/2021,2021,7,1645563,14.313593133,954
10/10/2021,2021,1,2086146,14.550828903,955
10/11/2021,2021,2,2083627,14.549620683,956
10/12/2021,2021,3,1695970,14.343765406,957
10/13/2021,2021,4,1641419,14.31107167,958
10/14/2021,2021,5,2048398,14.532568582,959
10/15/2021,2021,6,2070878,14.54348323,960
10/16/2021,2021,7,1704466,14.348762423,961
10/17/2021,2021,1,2213296,14.609993365,962
10/18/2021,2021,2,2001297,14.509306028,963
10/19/2021,2021,3,1446353,14.184555774,964
10/20/2021,2021,4,1647089,14.314520045,965
10/21/2021,2021,5,2046694,14.531736366,966
10/22/2021,2021,6,2108582,14.561526242,967
10/23/2021,2021,7,1626185,14.301747339,968
10/24/2021,2021,1,2107839,14.56117381,969
10/25/2021,2021,2,1989373,14.503330072,970
10/26/2021,2021,3,1503587,14.223364145,971
10/27/2021,2021,4,1547075,14.251876609,972
10/28/2021,2021,5,1927041,14.471496224,973
10/29/2021,2021,6,1982773,14.500006928,974
10/30/2021,2021,7,1518020,14.232917412,975
10/31/2021,2021,1,1845965,14.428512734,976
11/1/2021,2021,2,1992577,14.504939334,977
11/2/2021,2021,3,1487874,14.212858813,978
11/3/2021,2021,4,1525948,14.238126414,979
11/4/2021,2021,5,1940302,14.478354189,980
11/5/2021,2021,6,2035406,14.526205866,981
11/6/2021,2021,7,1527465,14.239120057,982
11/7/2021,2021,1,2152721,14.582243181,983
11/8/2021,2021,2,1955530,14.486171814,984
11/9/2021,2021,3,1456657,14.191654642,985
11/10/2021,2021,4,1691526,14.341141638,986
11/11/2021,2021,5,2064753,14.540521165,987
11/12/2021,2021,6,2001439,14.50937698,988
11/13/2021,2021,7,1559772,14.260050215,989
11/14/2021,2021,1,2150150,14.581048165,990
11/15/2021,2021,2,2010601,14.51394424,991
11/16/2021,2021,3,1491890,14.21555433,992
11/17/2021,2021,4,1624511,14.300717405,993
11/18/2021,2021,5,2044545,14.530685829,994
11/19/2021,2021,6,2242956,14.623305197,995
11/20/2021,2021,7,2004579,14.510944622,996
11/21/2021,2021,1,2213716,14.610183109,997
11/22/2021,2021,2,2081064,14.548389859,998
11/23/2021,2021,3,2207949,14.607574588,999
11/24/2021,2021,4,2311978,14.653613993,1000
11/25/2021,2021,5,1382230,14.139208695,1001
11/26/2021,2021,6,1778983,14.391552411,1002
11/27/2021,2021,7,2208192,14.607684639,1003
11/28/2021,2021,1,2451300,14.712129054,1004
11/29/2021,2021,2,2237087,14.620685131,1005
11/30/2021,2021,3,1810460,14.409091515,1006
12/1/2021,2021,4,1660506,14.322632933,1007
12/2/2021,2021,5,1866275,14.439455024,1008
12/3/2021,2021,6,1952294,14.484515649,1009
12/4/2021,2021,7,1566729,14.264500564,1010
12/5/2021,2021,1,2068792,14.54247542,1011
12/6/2021,2021,2,1854048,14.432881915,1012
12/7/2021,2021,3,1459054,14.193298838,1013
12/8/2021,2021,4,1610785,14.292232196,1014
12/9/2021,2021,5,1959937,14.488422888,1015
12/10/2021,2021,6,2045674,14.531237878,1016
12/11/2021,2021,7,1669737,14.328176687,1017
12/12/2021,2021,1,2040364,14.528638781,1018
12/13/2021,2021,2,1912915,14.464138815,1019
12/14/2021,2021,3,1520251,14.234386011,1020
12/15/2021,2021,4,1762920,14.382482083,1021
12/16/2021,2021,5,2062579,14.539467699,1022
12/17/2021,2021,6,2233754,14.619194136,1023
12/18/2021,2021,7,2035273,14.52614052,1024
12/19/2021,2021,1,2118528,14.566232066,1025
12/20/2021,2021,2,2098540,14.556752423,1026
12/21/2021,2021,3,1979089,14.498147196,1027
12/22/2021,2021,4,2081297,14.548501815,1028
12/23/2021,2021,5,2187792,14.598403374,1029
12/24/2021,2021,6,1709601,14.351770568,1030
12/25/2021,2021,7,1533398,14.242996746,1031
12/26/2021,2021,1,2070554,14.543326762,1032
12/27/2021,2021,2,2089186,14.552285074,1033
12/28/2021,2021,3,1995747,14.506528974,1034
12/29/2021,2021,4,2017937,14.51758626,1035
12/30/2021,2021,5,2049604,14.533157162,1036
12/31/2021,2021,6,1650795,14.316767548,1037
