Year,Month,Sales,logSales,c348,s348,c432,s432,Dynamic
1992,1,1744,7.4639366045,-0.577572703,0.8163392507,-0.910105971,0.414375581,0
1992,2,1990,7.5958899177,-0.332819545,-0.942990536,0.6565857558,-0.754251381,0
1992,3,2177,7.6857030612,0.9620276716,0.2729519355,-0.285019262,0.958521789,0
1992,4,2601,7.8636512654,-0.778462302,0.6276913613,-0.137790291,-0.990461426,0
1992,5,2171,7.6829431699,-0.06279052,-0.998026728,0.535826795,0.8443279255,0
1992,6,2207,7.6993894063,0.8509944818,0.52517463,-0.83752804,-0.546394347,0
1992,7,2251,7.7191298409,-0.920231847,0.3913736668,0.9886517447,0.1502255891,0
1992,8,2087,7.6434829071,0.2120071099,-0.977268124,-0.962027672,0.2729519355,0
1992,9,2016,7.6088706292,0.6753328081,0.7375131174,0.762442511,-0.647055962,0
1992,10,2149,7.6727578966,-0.992114701,0.1253332336,-0.425779292,0.9048270525,0
1992,11,1667,7.4187808828,0.4707039322,-0.882291226,0.0125660399,-0.999921044,0
1992,12,1583,7.3670770599,0.4483832161,0.8938414242,0.4029064357,0.9152411726,0
1993,1,2022,7.6118423996,-0.988651745,-0.150225589,-0.745941145,-0.666011867,0
1993,2,2199,7.6957579906,0.6936533058,-0.720309025,0.9548645447,0.2970415816,0
1993,3,2526,7.8343923029,0.1873813146,0.9822872507,-0.992114701,0.1253332336,0
1993,4,2564,7.849323818,-0.910105971,-0.414375581,0.8509944818,-0.52517463,0
1993,5,2309,7.7445698094,0.8639234172,-0.503623202,-0.556875616,0.8305958992,0
1993,6,2393,7.7803030879,-0.087851197,0.9961336091,0.1626371652,-0.986685944,0
1993,7,2485,7.8180279385,-0.762442511,-0.647055962,0.2608415063,0.9653816388,0
1993,8,2287,7.734996194,0.9685831611,-0.248689887,-0.63742399,-0.770513243,0
1993,9,2167,7.6810990015,-0.356411879,0.9343289425,0.8994052516,0.4371157667,0
1993,10,2339,7.7574787666,-0.556875616,-0.830595899,-0.999684189,-0.025130095,0
1993,11,2253,7.7200179404,0.9996841893,0.0251300954,0.9202318474,-0.391373667,0
1993,12,2060,7.6304612618,-0.597904983,0.8015669849,-0.675332808,0.7375131174,0
1994,1,2199,7.6957579906,-0.309016994,-0.951056516,0.3090169944,-0.951056516,0
1994,2,2432,7.7964692431,0.9548645447,0.2970415816,0.1128563849,0.9936113105,0
1994,3,2669,7.8894591494,-0.793990399,0.6079302977,-0.514439534,-0.857526656,0
1994,4,2782,7.9309253725,-0.037690183,-0.999289473,0.8235325976,0.5672689491,0
1994,5,2638,7.8777763333,0.83752804,0.5463943467,-0.984564335,-0.175023059,0
1994,6,2769,7.9262415232,-0.929776486,0.3681245527,0.9685831611,-0.248689887,0
1994,7,2774,7.9280456009,0.236498997,-0.971631733,-0.778462302,0.6276913613,0
1994,8,3119,8.0452677166,0.6565857558,0.7542513807,0.4483832161,-0.893841424,0
1994,9,2887,7.9679731797,-0.994951017,0.1003617149,-0.037690183,0.9992894726,0
1994,10,3136,8.0507033815,0.4927273415,-0.870183755,-0.379779096,-0.925077207,0
1994,11,2564,7.849323818,0.4257792916,0.9048270525,0.7289686274,0.6845471059,0
1994,12,2470,7.8119734296,-0.984564335,-0.175023059,-0.947098305,-0.32094361,0
1995,1,2709,7.9043348421,0.7115356772,-0.70264997,0.994951017,-0.100361715,0
1995,2,2833,7.9490914998,0.1626371652,0.9866859442,-0.863923417,0.5036232016,0
1995,3,3296,8.100464891,-0.899405252,-0.437115767,0.5775727034,-0.816339251,0
1995,4,2998,8.0057006787,0.87630668,-0.481753674,-0.187381315,0.9822872507,0
1995,5,3180,8.0646364758,-0.112856385,0.9936113105,-0.236498997,-0.971631733,0
1995,6,3303,8.1025864254,-0.745941145,-0.666011867,0.6178596131,0.7862884321,0
1995,7,3492,8.158229917,0.9745268728,-0.224270761,-0.888136449,-0.459579861,0
1995,8,3445,8.1446791834,-0.379779096,0.9250772068,0.9987369566,0.0502443182,0
1995,9,3223,8.0780678818,-0.535826795,-0.844327926,-0.929776486,0.3681245527,0
1995,10,3074,8.0307349241,0.9987369566,0.0502443182,0.6936533058,-0.720309025,0
1995,11,2931,7.9830989407,-0.617859613,0.7862884321,-0.332819545,0.9429905359,0
1995,12,2558,7.8469809821,-0.285019262,-0.958521789,-0.087851197,-0.996133609,0
1996,1,2871,7.9624156801,0.947098305,0.3209436098,0.4927273415,0.8701837547,0
1996,2,3451,8.1464193231,-0.809016994,0.5877852523,-0.809016994,-0.587785252,0
1996,3,4046,8.3054840177,-0.01256604,-0.999921044,0.9798550524,0.1997099805,0
1996,4,3879,8.2633326674,0.8235325976,0.5672689491,-0.974526873,0.2242707609,0
1996,5,3727,8.2233588995,-0.938733858,0.3446429232,0.7939903986,-0.607930298,0
1996,6,3538,8.1713168747,0.2608415063,-0.965381639,-0.470703932,0.8822912264,0
1996,7,3571,8.1806009476,0.6374239897,0.7705132428,0.0627905195,-0.998026728,0
1996,8,3511,8.1636561762,-0.9971589,0.0753268055,0.3564118787,0.9343289425,0
1996,9,3221,8.0774471493,0.5144395338,-0.857526656,-0.711535677,-0.70264997,0
1996,10,3526,8.167919363,0.4029064357,0.9152411726,0.9387338577,0.3446429232,0
1996,11,3262,8.0900957832,-0.979855052,-0.199709981,-0.9971589,0.0753268055,0
1996,12,3006,8.0083655703,0.7289686274,-0.684547106,0.87630668,-0.481753674,0
1997,1,3377,8.1247430204,0.1377902907,0.9904614257,-0.597904983,0.8015669849,0
1997,2,3834,8.2516639236,-0.888136449,-0.459579861,0.2120071099,-0.977268124,0
1997,3,4089,8.3160557204,0.8881364488,-0.459579861,0.2120071099,0.9772681236,0
1997,4,4115,8.3223941131,-0.137790291,0.9904614257,-0.597904983,-0.801566985,0
1997,5,4022,8.2995345703,-0.728968627,-0.684547106,0.87630668,0.4817536741,0
1997,6,4088,8.3158111319,0.9798550524,-0.199709981,-0.9971589,-0.075326806,0
1997,7,4066,8.3104149942,-0.402906436,0.9152411726,0.9387338577,-0.344642923,0
1997,8,3864,8.2594581953,-0.514439534,-0.857526656,-0.711535677,0.7026499698,0
1997,9,3741,8.2271082343,0.9971589003,0.0753268055,0.3564118787,-0.934328942,0
1997,10,3822,8.2485291248,-0.63742399,0.7705132428,0.0627905195,0.9980267284,0
1997,11,3294,8.0998579107,-0.260841506,-0.965381639,-0.470703932,-0.882291226,0
1997,12,3374,8.1238542631,0.9387338577,0.3446429232,0.7939903986,0.6079302977,0
1998,1,3681,8.2109397334,-0.823532598,0.5672689491,-0.974526873,-0.224270761,0
1998,2,4154,8.3318270044,0.0125660399,-0.999921044,0.9798550524,-0.199709981,0
1998,3,4523,8.4169307695,0.8090169944,0.5877852523,-0.809016994,0.5877852523,0
1998,4,4400,8.3893598199,-0.947098305,0.3209436098,0.4927273415,-0.870183755,0
1998,5,4356,8.3793094841,0.2850192625,-0.958521789,-0.087851197,0.9961336091,0
1998,6,4723,8.4601994699,0.6178596131,0.7862884321,-0.332819545,-0.942990536,0
1998,7,4535,8.4195803625,-0.998736957,0.0502443182,0.6936533058,0.7203090249,0
1998,8,4476,8.4064850694,0.535826795,-0.844327926,-0.929776486,-0.368124553,0
1998,9,4138,8.3279678583,0.3797790955,0.9250772068,0.9987369566,-0.050244318,0
1998,10,4535,8.4195803625,-0.974526873,-0.224270761,-0.888136449,0.4595798606,0
1998,11,3730,8.2241635126,0.7459411454,-0.666011867,0.6178596131,-0.786288432,0
1998,12,3691,8.213652703,0.1128563849,0.9936113105,-0.236498997,0.9716317329,0
1999,1,4115,8.3223941131,-0.87630668,-0.481753674,-0.187381315,-0.982287251,0
1999,2,4597,8.4331591958,0.8994052516,-0.437115767,0.5775727034,0.8163392507,0
1999,3,4921,8.5012670409,-0.162637165,0.9866859442,-0.863923417,-0.503623202,0
1999,4,4824,8.4813587384,-0.711535677,-0.70264997,0.994951017,0.1003617149,0
1999,5,4950,8.5071428556,0.9845643345,-0.175023059,-0.947098305,0.3209436098,0
1999,6,5047,8.5265492863,-0.425779292,0.9048270525,0.7289686274,-0.684547106,0
1999,7,4895,8.495969555,-0.492727342,-0.870183755,-0.379779096,0.9250772068,0
1999,8,4892,8.4953564968,0.994951017,0.1003617149,-0.037690183,-0.999289473,0
1999,9,4509,8.4138306784,-0.656585756,0.7542513807,0.4483832161,0.8938414242,0
1999,10,4516,8.4153819253,-0.236498997,-0.971631733,-0.778462302,-0.627691361,0
1999,11,4292,8.3645081038,0.9297764859,0.3681245527,0.9685831611,0.2486898872,0
1999,12,4095,8.3175219963,-0.83752804,0.5463943467,-0.984564335,0.175023059,0
2000,1,4381,8.3850322878,0.0376901827,-0.999289473,0.8235325976,-0.567268949,0
2000,2,5327,8.5805435069,0.7939903986,0.6079302977,-0.514439534,0.8575266562,0
2000,3,5434,8.60043079,-0.954864545,0.2970415816,0.1128563849,-0.993611311,0
2000,4,4841,8.4848765899,0.3090169944,-0.951056516,0.3090169944,0.9510565163,0
2000,5,4986,8.5143892641,0.5979049831,0.8015669849,-0.675332808,-0.737513117,0
2000,6,5161,8.5488856381,-0.999684189,0.0251300954,0.9202318474,0.3913736668,0
2000,7,4989,8.5149907679,0.5568756165,-0.830595899,-0.999684189,0.0251300954,0
2000,8,5089,8.5348366266,0.3564118787,0.9343289425,0.8994052516,-0.437115767,0
2000,9,4860,8.4887937169,-0.968583161,-0.248689887,-0.63742399,0.7705132428,0
2000,10,4574,8.4281433746,0.762442511,-0.647055962,0.2608415063,-0.965381639,0
2000,11,4089,8.3160557204,0.0878511966,0.9961336091,0.1626371652,0.9866859442,0
2000,12,3928,8.2758856695,-0.863923417,-0.503623202,-0.556875616,-0.830595899,0
2001,1,4648,8.4441922985,0.9101059707,-0.414375581,0.8509944818,0.52517463,0
2001,2,4917,8.5004538674,-0.187381315,0.9822872507,-0.992114701,-0.125333234,0
2001,3,5359,8.5865326695,-0.693653306,-0.720309025,0.9548645447,-0.297041582,0
2001,4,4991,8.5153915695,0.9886517447,-0.150225589,-0.745941145,0.6660118674,0
2001,5,5390,8.5923006639,-0.448383216,0.8938414242,0.4029064357,-0.915241173,0
2001,6,5169,8.5504345252,-0.470703932,-0.882291226,0.0125660399,0.9999210442,0
2001,7,4906,8.4982142248,0.9921147013,0.1253332336,-0.425779292,-0.904827052,0
2001,8,5142,8.5451973878,-0.675332808,0.7375131174,0.762442511,0.6470559616,0
2001,9,4291,8.364275085,-0.21200711,-0.977268124,-0.962027672,-0.272951936,0
2001,10,4903,8.4976025417,0.9202318474,0.3913736668,0.9886517447,-0.150225589,0
2001,11,4444,8.3993101508,-0.850994482,0.52517463,-0.83752804,0.5463943467,0
2001,12,4103,8.3194736924,0.0627905195,-0.998026728,0.535826795,-0.844327926,0
2002,1,4802,8.4767877768,0.7784623016,0.6276913613,-0.137790291,0.9904614257,0
2002,2,5226,8.5614014461,-0.962027672,0.2729519355,-0.285019262,-0.958521789,0
2002,3,5212,8.5587189382,0.3328195445,-0.942990536,0.6565857558,0.7542513807,0
2002,4,5260,8.5678863057,0.5775727034,0.8163392507,-0.910105971,-0.414375581,0
2002,5,5342,8.5833553937,-1,2.8418e-14,1,-2.7437e-14,0
2002,6,5199,8.5562215784,0.5775727034,-0.816339251,-0.910105971,0.414375581,0
2002,7,5229,8.5619753342,0.3328195445,0.9429905359,0.6565857558,-0.754251381,0
2002,8,5542,8.6201107254,-0.962027672,-0.272951936,-0.285019262,0.958521789,0
2002,9,4855,8.4877643807,0.7784623016,-0.627691361,-0.137790291,-0.990461426,0
2002,10,5143,8.5453918458,0.0627905195,0.9980267284,0.535826795,0.8443279255,0
2002,11,4736,8.4629481766,-0.850994482,-0.52517463,-0.83752804,-0.546394347,0
2002,12,4377,8.3841188372,0.9202318474,-0.391373667,0.9886517447,0.1502255891,0
2003,1,5209,8.5581431777,-0.21200711,0.9772681236,-0.962027672,0.2729519355,0
2003,2,5477,8.6083127848,-0.675332808,-0.737513117,0.762442511,-0.647055962,0
2003,3,5877,8.6788017066,0.9921147013,-0.125333234,-0.425779292,0.9048270525,0
2003,4,5572,8.6255093349,-0.470703932,0.8822912264,0.0125660399,-0.999921044,0
2003,5,5586,8.6280187465,-0.448383216,-0.893841424,0.4029064357,0.9152411726,0
2003,6,5324,8.5799801795,0.9886517447,0.1502255891,-0.745941145,-0.666011867,0
2003,7,5466,8.6063023665,-0.693653306,0.7203090249,0.9548645447,0.2970415816,0
2003,8,5494,8.6114118667,-0.187381315,-0.982287251,-0.992114701,0.1253332336,0
2003,9,5072,8.5314904961,0.9101059707,0.414375581,0.8509944818,-0.52517463,0
2003,10,5014,8.5199892787,-0.863923417,0.5036232016,-0.556875616,0.8305958992,0
2003,11,4528,8.4180356199,0.0878511966,-0.996133609,0.1626371652,-0.986685944,0
2003,12,4436,8.3975083485,0.762442511,0.6470559616,0.2608415063,0.9653816388,0
2004,1,5053,8.5277374053,-0.968583161,0.2486898872,-0.63742399,-0.770513243,0
2004,2,5538,8.6193887037,0.3564118787,-0.934328942,0.8994052516,0.4371157667,0
2004,3,6055,8.708639656,0.5568756165,0.8305958992,-0.999684189,-0.025130095,0
2004,4,5564,8.624072553,-0.999684189,-0.025130095,0.9202318474,-0.391373667,0
2004,5,5882,8.6796521191,0.5979049831,-0.801566985,-0.675332808,0.7375131174,0
2004,6,5548,8.6211927814,0.3090169944,0.9510565163,0.3090169944,-0.951056516,0
2004,7,5773,8.6609471551,-0.954864545,-0.297041582,0.1128563849,0.9936113105,0
2004,8,5948,8.6908103076,0.7939903986,-0.607930298,-0.514439534,-0.857526656,0
2004,9,5546,8.6208322262,0.0376901827,0.9992894726,0.8235325976,0.5672689491,0
2004,10,5785,8.6630236396,-0.83752804,-0.546394347,-0.984564335,-0.175023059,0
2004,11,5481,8.609042845,0.9297764859,-0.368124553,0.9685831611,-0.248689887,0
2004,12,5348,8.5844779382,-0.236498997,0.9716317329,-0.778462302,0.6276913613,0
2005,1,5803,8.6661303042,-0.656585756,-0.754251381,0.4483832161,-0.893841424,0
2005,2,6480,8.7764757893,0.994951017,-0.100361715,-0.037690183,0.9992894726,0
2005,3,6602,8.7951279124,-0.492727342,0.8701837547,-0.379779096,-0.925077207,0
2005,4,6036,8.7054968199,-0.425779292,-0.904827052,0.7289686274,0.6845471059,0
2005,5,5955,8.6919864818,0.9845643345,0.175023059,-0.947098305,-0.32094361,0
2005,6,6018,8.7025102572,-0.711535677,0.7026499698,0.994951017,-0.100361715,0
2005,7,6080,8.712759975,-0.162637165,-0.986685944,-0.863923417,0.5036232016,0
2005,8,6419,8.7670176213,0.8994052516,0.4371157667,0.5775727034,-0.816339251,0
2005,9,5684,8.6454104892,-0.87630668,0.4817536741,-0.187381315,0.9822872507,0
2005,10,5597,8.6299860189,0.1128563849,-0.993611311,-0.236498997,-0.971631733,0
2005,11,5325,8.5801679906,0.7459411454,0.6660118674,0.6178596131,0.7862884321,0
2005,12,5125,8.541885804,-0.974526873,0.2242707609,-0.888136449,-0.459579861,0
2006,1,5811,8.6675079521,0.3797790955,-0.925077207,0.9987369566,0.0502443182,0
2006,2,6245,8.7395364226,0.535826795,0.8443279255,-0.929776486,0.3681245527,0
2006,3,7009,8.8549503165,-0.998736957,-0.050244318,0.6936533058,-0.720309025,0
2006,4,6470,8.7749313875,0.6178596131,-0.786288432,-0.332819545,0.9429905359,0
2006,5,6638,8.8005659923,0.2850192625,0.958521789,-0.087851197,-0.996133609,0
2006,6,6522,8.7829363563,-0.947098305,-0.32094361,0.4927273415,0.8701837547,0
2006,7,6371,8.7595117221,0.8090169944,-0.587785252,-0.809016994,-0.587785252,0
2006,8,6653,8.8028231597,0.0125660399,0.9999210442,0.9798550524,0.1997099805,0
2006,9,6204,8.7329495243,-0.823532598,-0.567268949,-0.974526873,0.2242707609,0
2006,10,6146,8.7235567427,0.9387338577,-0.344642923,0.7939903986,-0.607930298,0
2006,11,5634,8.6365749484,-0.260841506,0.9653816388,-0.470703932,0.8822912264,0
2006,12,5473,8.6075821911,-0.63742399,-0.770513243,0.0627905195,-0.998026728,0
2007,1,6089,8.7142391436,0.9971589003,-0.075326806,0.3564118787,0.9343289425,0
2007,2,6625,8.7986056509,-0.514439534,0.8575266562,-0.711535677,-0.70264997,0
2007,3,7276,8.8923365396,-0.402906436,-0.915241173,0.9387338577,0.3446429232,0
2007,4,6734,8.8149245997,0.9798550524,0.1997099805,-0.9971589,0.0753268055,0
2007,5,7186,8.8798899677,-0.728968627,0.6845471059,0.87630668,-0.481753674,0
2007,6,6850,8.8320039313,-0.137790291,-0.990461426,-0.597904983,0.8015669849,0
2007,7,6781,8.8218798627,0.8881364488,0.4595798606,0.2120071099,-0.977268124,0
2007,8,7310,8.8969985527,-0.888136449,0.4595798606,0.2120071099,0.9772681236,0
2007,9,6591,8.7934603611,0.1377902907,-0.990461426,-0.597904983,-0.801566985,0
2007,10,6583,8.7922458475,0.7289686274,0.6845471059,0.87630668,0.4817536741,0
2007,11,5957,8.6923222776,-0.979855052,0.1997099805,-0.9971589,-0.075326806,0
2007,12,5714,8.6506745828,0.4029064357,-0.915241173,0.9387338577,-0.344642923,0
2008,1,6544,8.7863038783,0.5144395338,0.8575266562,-0.711535677,0.7026499698,0
2008,2,7182,8.8793331748,-0.9971589,-0.075326806,0.3564118787,-0.934328942,0
2008,3,7291,8.8943959898,0.6374239897,-0.770513243,0.0627905195,0.9980267284,0
2008,4,6940,8.8450570535,0.2608415063,0.9653816388,-0.470703932,-0.882291226,0
2008,5,6683,8.8073222675,-0.938733858,-0.344642923,0.7939903986,0.6079302977,0
2008,6,6653,8.8028231597,0.8235325976,-0.567268949,-0.974526873,-0.224270761,0
2008,7,6286,8.7460802174,-0.01256604,0.9999210442,0.9798550524,-0.199709981,0
2008,8,6226,8.736489351,-0.809016994,-0.587785252,-0.809016994,0.5877852523,0
2008,9,5662,8.6415324657,0.947098305,-0.32094361,0.4927273415,-0.870183755,0
2008,10,5432,8.6000626692,-0.285019262,0.958521789,-0.087851197,0.9961336091,0
2008,11,4452,8.4011087124,-0.617859613,-0.786288432,-0.332819545,-0.942990536,0
2008,12,4561,8.4252971767,0.9987369566,-0.050244318,0.6936533058,0.7203090249,0
2009,1,5544,8.6204715409,-0.535826795,0.8443279255,-0.929776486,-0.368124553,0
2009,2,6088,8.7140748995,-0.379779096,-0.925077207,0.9987369566,-0.050244318,0
2009,3,6017,8.7023440752,0.9745268728,0.2242707609,-0.888136449,0.4595798606,0
2009,4,5652,8.6397647438,-0.745941145,0.6660118674,0.6178596131,-0.786288432,0
2009,5,5442,8.6019019193,-0.112856385,-0.993611311,-0.236498997,0.9716317329,0
2009,6,5654,8.6401185383,0.87630668,0.4817536741,-0.187381315,-0.982287251,0
2009,7,5477,8.6083127848,-0.899405252,0.4371157667,0.5775727034,0.8163392507,0
2009,8,5748,8.6566072472,0.1626371652,-0.986685944,-0.863923417,-0.503623202,0
2009,9,5195,8.5554519035,0.7115356772,0.7026499698,0.994951017,0.1003617149,0
2009,10,5199,8.5562215784,-0.984564335,0.175023059,-0.947098305,0.3209436098,0
2009,11,4654,8.4454823439,0.4257792916,-0.904827052,0.7289686274,-0.684547106,0
2009,12,4761,8.4682130092,0.4927273415,0.8701837547,-0.379779096,0.9250772068,0
2010,1,5127,8.5422759718,-0.994951017,-0.100361715,-0.037690183,-0.999289473,0
2010,2,6300,8.7483049124,0.6565857558,-0.754251381,0.4483832161,0.8938414242,0
2010,3,6580,8.7917900243,0.236498997,0.9716317329,-0.778462302,-0.627691361,0
2010,4,5957,8.6923222776,-0.929776486,-0.368124553,0.9685831611,0.2486898872,0
2010,5,5857,8.6753928061,0.83752804,-0.546394347,-0.984564335,0.175023059,0
2010,6,6195,8.7314977941,-0.037690183,0.9992894726,0.8235325976,-0.567268949,0
2010,7,6183,8.7295588696,-0.793990399,-0.607930298,-0.514439534,0.8575266562,0
2010,8,6288,8.7463983341,0.9548645447,-0.297041582,0.1128563849,-0.993611311,0
2010,9,5971,8.6946696965,-0.309016994,0.9510565163,0.3090169944,0.9510565163,0
2010,10,6123,8.7198074515,-0.597904983,-0.801566985,-0.675332808,-0.737513117,0
2010,11,5604,8.6312359075,0.9996841893,-0.025130095,0.9202318474,0.3913736668,0
2010,12,5522,8.6164953925,-0.556875616,0.8305958992,-0.999684189,0.0251300954,0
2011,1,5976,8.6955067268,-0.356411879,-0.934328942,0.8994052516,-0.437115767,1
2011,2,7295,8.894944461,0.9685831611,0.2486898872,-0.63742399,0.7705132428,1
2011,3,7661,8.9438978025,-0.762442511,0.6470559616,0.2608415063,-0.965381639,1
2011,4,6446,8.7712150624,-0.087851197,-0.996133609,0.1626371652,0.9866859442,1
2011,5,6260,8.7419354641,0.8639234172,0.5036232016,-0.556875616,-0.830595899,1
2011,6,6460,8.7733845968,-0.910105971,0.414375581,0.8509944818,0.52517463,1
2011,7,6348,8.7558950816,0.1873813146,-0.982287251,-0.992114701,-0.125333234,1
2011,8,6438,8.7699732119,0.6936533058,0.7203090249,0.9548645447,-0.297041582,1
2011,9,5951,8.6913145516,-0.988651745,0.1502255891,-0.745941145,0.6660118674,1
2011,10,5710,8.6499743027,0.4483832161,-0.893841424,0.4029064357,-0.915241173,1
2011,11,5530,8.6179430945,0.4707039322,0.8822912264,0.0125660399,0.9999210442,1
2011,12,5642,8.6379938916,-0.992114701,-0.125333234,-0.425779292,-0.904827052,1
2012,1,5889,8.6808414829,0.6753328081,-0.737513117,0.762442511,0.6470559616,1
2012,2,7728,8.9526053759,0.2120071099,0.9772681236,-0.962027672,-0.272951936,1
2012,3,7757,8.9563509405,-0.920231847,-0.391373667,0.9886517447,-0.150225589,1
2012,4,6811,8.8262942312,0.8509944818,-0.52517463,-0.83752804,0.5463943467,1
2012,5,6667,8.8049252626,-0.06279052,0.9980267284,0.535826795,-0.844327926,1
2012,6,6658,8.8035744181,-0.778462302,-0.627691361,-0.137790291,0.9904614257,1
2012,7,6411,8.765770544,0.9620276716,-0.272951936,-0.285019262,-0.958521789,1
2012,8,7237,8.8869620349,-0.332819545,0.9429905359,0.6565857558,0.7542513807,1
2012,9,6383,8.7613934853,-0.577572703,-0.816339251,-0.910105971,-0.414375581,1
2012,10,6450,8.7718354098,1,-5.6836e-14,1,-5.48741e-14,1
2012,11,6167,8.726967775,-0.577572703,0.8163392507,-0.910105971,0.414375581,1
2012,12,6070,8.7111138841,-0.332819545,-0.942990536,0.6565857558,-0.754251381,1
2013,1,6776,8.8211422363,0.9620276716,0.2729519355,-0.285019262,0.958521789,1
2013,2,8422,9.0386026087,-0.778462302,0.6276913613,-0.137790291,-0.990461426,1
2013,3,8288,9.0225639645,-0.06279052,-0.998026728,0.535826795,0.8443279255,1
2013,4,7460,8.9173106932,0.8509944818,0.52517463,-0.83752804,-0.546394347,1
2013,5,7251,8.8888946694,-0.920231847,0.3913736668,0.9886517447,0.1502255891,1
2013,6,7039,8.8592213936,0.2120071099,-0.977268124,-0.962027672,0.2729519355,1
2013,7,7041,8.8595054845,0.6753328081,0.7375131174,0.762442511,-0.647055962,1
2013,8,7360,8.9038152117,-0.992114701,0.1253332336,-0.425779292,0.9048270525,1
2013,9,6330,8.7530555151,0.4707039322,-0.882291226,0.0125660399,-0.999921044,1
2013,10,6782,8.8220273227,0.4483832161,0.8938414242,0.4029064357,0.9152411726,1
2013,11,6281,8.7452844825,-0.988651745,-0.150225589,-0.745941145,-0.666011867,1
2013,12,5685,8.6455864062,0.6936533058,-0.720309025,0.9548645447,0.2970415816,1
2014,1,6170,8.7274541169,0.1873813146,0.9822872507,-0.992114701,0.1253332336,1
2014,2,8163,9.0073670275,-0.910105971,-0.414375581,0.8509944818,-0.52517463,1
2014,3,8718,9.0731451328,0.8639234172,-0.503623202,-0.556875616,0.8305958992,1
2014,4,7741,8.9542861572,-0.087851197,0.9961336091,0.1626371652,-0.986685944,1
2014,5,7839,8.9668665542,-0.762442511,-0.647055962,0.2608415063,0.9653816388,1
2014,6,7685,8.947025656,0.9685831611,-0.248689887,-0.63742399,-0.770513243,1
2014,7,7804,8.9623917017,-0.356411879,0.9343289425,0.8994052516,0.4371157667,1
2014,8,8089,8.998260393,-0.556875616,-0.830595899,-0.999684189,-0.025130095,1
2014,9,7731,8.9529934993,0.9996841893,0.0251300954,0.9202318474,-0.391373667,1
2014,10,8087,8.9980131131,-0.597904983,0.8015669849,-0.675332808,0.7375131174,1
2014,11,6955,8.8472161044,-0.309016994,-0.951056516,0.3090169944,-0.951056516,1
2014,12,7140,8.8734680553,0.9548645447,0.2970415816,0.1128563849,0.9936113105,1
2015,1,7604,8.9364297036,-0.793990399,0.6079302977,-0.514439534,-0.857526656,1
2015,2,9317,9.1395959675,-0.037690183,-0.999289473,0.8235325976,0.5672689491,1
2015,3,9583,9.1677459743,0.83752804,0.5463943467,-0.984564335,-0.175023059,1
2015,4,9229,9.1301059793,-0.929776486,0.3681245527,0.9685831611,-0.248689887,1
2015,5,8804,9.0829614426,0.236498997,-0.971631733,-0.778462302,0.6276913613,1
2015,6,8596,9.0590522578,0.6565857558,0.7542513807,0.4483832161,-0.893841424,1
2015,7,8639,9.0640421144,-0.994951017,0.1003617149,-0.037690183,0.9992894726,1
2015,8,8612,9.0609118585,0.4927273415,-0.870183755,-0.379779096,-0.925077207,1
2015,9,7920,8.9771464848,0.4257792916,0.9048270525,0.7289686274,0.6845471059,1
2015,10,8137,9.0041768407,-0.984564335,-0.175023059,-0.947098305,-0.32094361,1
2015,11,7383,8.9069353391,0.7115356772,-0.70264997,0.994951017,-0.100361715,1
2015,12,7269,8.8913740095,0.1626371652,0.9866859442,-0.863923417,0.5036232016,1
2016,1,7824,8.9649512117,-0.899405252,-0.437115767,0.5775727034,-0.816339251,1
2016,2,10520,9.2610334863,0.87630668,-0.481753674,-0.187381315,0.9822872507,1
2016,3,10192,9.2293583778,-0.112856385,0.9936113105,-0.236498997,-0.971631733,1
2016,4,9319,9.1398106058,-0.745941145,-0.666011867,0.6178596131,0.7862884321,1
2016,5,8701,9.0711932406,0.9745268728,-0.224270761,-0.888136449,-0.459579861,1
2016,6,9114,9.1175669718,-0.379779096,0.9250772068,0.9987369566,0.0502443182,1
2016,7,8954,9.0998556388,-0.535826795,-0.844327926,-0.929776486,0.3681245527,1
2016,8,9507,9.1597836484,0.9987369566,0.0502443182,0.6936533058,-0.720309025,1
2016,9,8613,9.0610279688,-0.617859613,0.7862884321,-0.332819545,0.9429905359,1
2016,10,8986,9.1034230896,-0.285019262,-0.958521789,-0.087851197,-0.996133609,1
2016,11,8028,8.9906907099,0.947098305,0.3209436098,0.4927273415,0.8701837547,1
2016,12,8633,9.0633473482,-0.809016994,0.5877852523,-0.809016994,-0.587785252,1
2017,1,8656,9.0660080011,-0.01256604,-0.999921044,0.9798550524,0.1997099805,1
2017,2,9769,9.1869693857,0.8235325976,0.5672689491,-0.974526873,0.2242707609,1
2017,3,11141,9.3183872761,-0.938733858,0.3446429232,0.7939903986,-0.607930298,1
2017,4,9389,9.1472940703,0.2608415063,-0.965381639,-0.470703932,0.8822912264,1
2017,5,9883,9.1985713884,0.6374239897,0.7705132428,0.0627905195,-0.998026728,1
2017,6,9933,9.2036178262,-0.9971589,0.0753268055,0.3564118787,0.9343289425,1
2017,7,9679,9.1777138691,0.5144395338,-0.857526656,-0.711535677,-0.70264997,1
2017,8,9789,9.1890145853,0.4029064357,0.9152411726,0.9387338577,0.3446429232,1
2017,9,9420,9.1505903676,-0.979855052,-0.199709981,-0.9971589,0.0753268055,1
2017,10,9299,9.1376621465,0.7289686274,-0.684547106,0.87630668,-0.481753674,1
2017,11,8753,9.0771517777,0.1377902907,0.9904614257,-0.597904983,0.8015669849,1
2017,12,8389,9.0346766028,-0.888136449,-0.459579861,0.2120071099,-0.977268124,1
2018,1,9021,9.1073104717,0.8881364488,-0.459579861,0.2120071099,0.9772681236,1
2018,2,10140,9.2242432771,-0.137790291,0.9904614257,-0.597904983,-0.801566985,1
2018,3,11511,9.3510583789,-0.728968627,-0.684547106,0.87630668,0.4817536741,1
2018,4,9771,9.1871740939,0.9798550524,-0.199709981,-0.9971589,-0.075326806,1
2018,5,10348,9.2445485433,-0.402906436,0.9152411726,0.9387338577,-0.344642923,1
2018,6,10020,9.2123383746,-0.514439534,-0.857526656,-0.711535677,0.7026499698,1
2018,7,10035,9.2138342612,0.9971589003,0.0753268055,0.3564118787,-0.934328942,1
2018,8,10352,9.2449350167,-0.63742399,0.7705132428,0.0627905195,0.9980267284,1
2018,9,9210,9.1280451292,-0.260841506,-0.965381639,-0.470703932,-0.882291226,1
2018,10,9383,9.1466548203,0.9387338577,0.3446429232,0.7939903986,0.6079302977,1
2018,11,8923,9.0963874919,-0.823532598,0.5672689491,-0.974526873,-0.224270761,1
2018,12,8629,9.0628839025,0.0125660399,-0.999921044,0.9798550524,-0.199709981,1
2019,1,9135,9.1198684688,0.8090169944,0.5877852523,-0.809016994,0.5877852523,1
2019,2,10005,9.210840247,-0.947098305,0.3209436098,0.4927273415,-0.870183755,1
2019,3,12250,9.413281216,0.2850192625,-0.958521789,-0.087851197,0.9961336091,1
2019,4,10630,9.2714354713,0.6178596131,0.7862884321,-0.332819545,-0.942990536,1
2019,5,10805,9.2877642689,-0.998736957,0.0502443182,0.6936533058,0.7203090249,1
2019,6,10316,9.241451367,0.535826795,-0.844327926,-0.929776486,-0.368124553,1
2019,7,10491,9.2582730257,0.3797790955,0.9250772068,0.9987369566,-0.050244318,1
2019,8,10590,9.2676654386,-0.974526873,-0.224270761,-0.888136449,0.4595798606,1
2019,9,9685,9.1783335758,0.7459411454,-0.666011867,0.6178596131,-0.786288432,1
2019,10,9983,9.2086389253,0.1128563849,0.9936113105,-0.236498997,0.9716317329,1
2019,11,9630,9.1726385048,-0.87630668,-0.481753674,-0.187381315,-0.982287251,1
2019,12,8840,9.0870421556,0.8994052516,-0.437115767,0.5775727034,0.8163392507,1
2020,1,9140,9.1204156644,-0.162637165,0.9866859442,-0.863923417,-0.503623202,0
2020,2,10780,9.2854478445,-0.711535677,-0.70264997,0.994951017,0.1003617149,0
2020,3,9450,9.1537700205,0.9845643345,-0.175023059,-0.947098305,0.3209436098,0
2020,4,6504,8.7801726512,-0.425779292,0.9048270525,0.7289686274,-0.684547106,0
2020,5,10707,9.2786530122,-0.492727342,-0.870183755,-0.379779096,0.9250772068,0
2020,6,11966,9.3898245739,0.994951017,0.1003617149,-0.037690183,-0.999289473,0
2020,7,12413,9.4264995895,-0.656585756,0.7542513807,0.4483832161,0.8938414242,0
2020,8,12191,9.4084532536,-0.236498997,-0.971631733,-0.778462302,-0.627691361,0
2020,9,11071,9.3120843559,0.9297764859,0.3681245527,0.9685831611,0.2486898872,0
2020,10,10956,9.3016425304,-0.83752804,0.5463943467,-0.984564335,0.175023059,0
2020,11,9954,9.2057297594,0.0376901827,-0.999289473,0.8235325976,-0.567268949,0
2020,12,9568,9.1661794762,0.7939903986,0.6079302977,-0.514439534,0.8575266562,0
2021,1,10509,9.2599873119,-0.954864545,0.2970415816,0.1128563849,-0.993611311,0
2021,2,11244,9.327589932,0.3090169944,-0.951056516,0.3090169944,0.9510565163,0
2021,3,17815,9.787796078,0.5979049831,0.8015669849,-0.675332808,-0.737513117,0
2021,4,16853,9.7322839615,-0.999684189,0.0251300954,0.9202318474,0.3913736668,0
2021,5,15561,9.652523063,0.5568756165,-0.830595899,-0.999684189,0.0251300954,0
2021,6,15603,9.6552184824,0.3564118787,0.9343289425,0.8994052516,-0.437115767,0
2021,7,14942,9.6119313185,-0.968583161,-0.248689887,-0.63742399,0.7705132428,0
2021,8,15472,9.6467872177,0.762442511,-0.647055962,0.2608415063,-0.965381639,0
2021,9,15507,9.6490468139,0.0878511966,0.9961336091,0.1626371652,0.9866859442,0
2021,10,15679,9.6600775164,-0.863923417,-0.503623202,-0.556875616,-0.830595899,0
2021,11,14363,9.5724107344,0.9101059707,-0.414375581,0.8509944818,0.52517463,0
